0000100842	1694851494	1145965850	1614694654	0422202639	0673783985	0606165264	0157170680	0162732950	1306008019	0646419346	0250178049	2116972364	0445458252	0688847922	0382684077	0057759374	0099190374	0645305746	0861255672	1084298524	0259064426	1146455313	1251164707	0165359125	0346974657	1184958594	1983230727	1065143602	0444837422	0991976347	1230912368
1234197425	0611575602	0894408272	2081782151	1709034933	1156340306	2032001239	0412385632	1035588155	1922645797	0721473770	1116981428	1952301969	0936550470	1696100427	0661946311	1366357517	1328150848	1286275418	1860559624	0916216601	1394664017	0334126714	2145428940	1973761450	0828794941	0977638945	0780365418	0918948097	0058277055	0209920353	1963224497
1975368571	2069873824	1281762215	1169084448	1474431133	0950249598	0009110847	0654666592	1422688163	1037029843	0383292249	1689371590	1387016143	0645327216	1222101962	1334075426	2076410102	1615320564	0204453774	0280744418	0449860867	1669154229	0896246042	0756927836	2140498471	0711747553	0857209481	1799443091	0227829736	0171030351	1173989571	0162971161
1014653002	0105363787	1322642981	1057351570	0480658065	1734102088	1553219579	0150251321	1980666822	0923265207	1748984474	0425894382	0443882823	2127900130	1572311419	1051742798	0703307529	0739646815	1608670869	0112179553	2058588852	0593798747	0619033220	1680542472	1172401560	1390557695	0038649564	1043160754	0346298370	0556021220	1347296443	0943743533
0183342389	1943982125	0691369417	1959261249	1937052492	0189144524	0676217308	0700835632	2144146876	1900948272	1123391085	0157741171	1161040599	1572930751	0723437487	1908918342	1932371461	0971951446	1827333840	0836213133	1101140363	1999494742	1684020538	1646198353	1623894570	0426368267	1966017077	1665620397	1632673734	1948889619	1567242489	1757582168
1045933091	1843809742	0721307584	0471376973	0365611428	0880556329	1200410026	1829927064	1470855961	0991875910	1690351356	0674074129	1187648178	2089912428	0915647064	0412390246	1113135653	1740870954	1500917150	1571622388	0208617016	1532876008	1833237044	1267114999	1953944541	0625970663	0166546388	0973951075	1075360091	0354676285	1777201570	0076740867
1293563469	1944264902	1149035162	1661013910	1520858017	1710325125	1365760780	2036210324	0287516876	0457929182	1981854673	1560124141	0231107917	1580327243	0482227005	0185989257	1332736014	1039749088	0988486377	0557045047	1374887656	0812792672	0462959737	0631046678	1727268260	0513705674	0967001978	0246003750	0679005775	0321960267	1674900676	0840016656
0602442014	2005017340	0013044656	0198201398	0423759689	1073319571	0419394997	0730385125	0566269623	1793513904	1507715236	2010420499	0629624795	1452000796	1920697511	0188885673	0620675845	1370853436	1729133836	1803670448	0410058484	0577917365	2136101821	1979178648	1681328553	1499163045	0007667064	0011325828	1374630260	0781705394	1965088259	1087361800
0203936630	0179039798	0497295539	0039769849	0544437926	2087886062	1218252054	1053181080	1254192986	1669520397	0607980677	0604045913	1044460422	0714981976	1531065667	1471606915	0728257906	1321321889	0328594796	1512279935	1419905300	1510091636	1148386006	1488067253	0351768209	0145808472	0324147677	1931478547	0997131377	1972155698	1758208488	0835075096
1301505327	0131602547	2083334666	2032350774	1992053083	1166109251	0862419035	1309587642	0679600991	1735820991	0378051242	1650596468	0381085730	1111628756	0036773192	1719231255	0727232400	1265511723	0777488573	1959938063	0427363508	1513163388	1235714342	0336595857	0694642401	1133728515	2100235421	0468015008	1843124142	2083330266	1958399974	0346505449
1888914326	0732323481	0931964210	1924239899	1743742320	0367841631	1856356151	1135406241	0233005245	1256464234	1187679887	0475361944	0769025968	1462856530	1836908854	0702199906	1451179877	1008413760	0469122196	1124280035	0065938292	0123311792	0179568789	0798112688	0697088054	1435629193	1641072706	1376491321	1995786563	1637681848	0220915737	2079049743
0882610264	1361157219	1973571889	1937810508	0044217554	0135088216	0537431433	0293875149	2094724790	0192636612	1385681855	1842268917	0594465573	1088959567	1287802835	1762053379	1031648723	0137121583	0352492250	1577347324	1938335900	0284546310	2071233948	0519046166	0530337848	1331076286	1061988003	1095776204	2038387603	0373823030	1453997735	1123512932
0058140053	0054811386	2091963586	1029721218	2101283400	0901528885	1498840610	1030952960	1328334724	0081712056	1092474759	0238092663	0861352680	0567228333	0726683698	0633411797	0675634000	1634596311	2049386553	0549582038	0498146919	1464011627	1923271310	0497052526	0250417652	1849012691	0120441900	1337417826	0270068433	1407207320	0696022829	0712261794
0910123380	2065113726	0735690068	1679617097	0652009464	1861494454	1595518882	0257549685	1458007090	1936749360	1536855941	0004494271	0373285052	1002136077	0186802718	2119673159	0740563230	1978472245	0546231567	0021355644	0294539659	0378242478	0569732626	2014146856	0981481131	0931476110	0163194140	0467293761	0458544048	1578489300	1804173709	0278431523
0231740248	1470496125	1386563199	1622631996	0681123519	1555145323	0303976024	0061439155	1815727525	1189888805	1093424771	1172558818	1886109254	0832118611	1003985813	1210544612	0363222206	1527091468	1249237379	2132495781	1502006484	0552706103	1464699846	0605266161	0078332088	0119927405	1280234949	1270128550	1063088670	0267333650	0540866026	0037021231
1593055434	1804052089	0381847830	1035341574	2073326224	1324190546	1297472761	1075742489	0339188530	1320024572	2146908094	1064098964	0067475732	0193262108	1160974892	0468593202	0823412465	0708677987	0806621247	1966518465	1502513925	0491332402	0749057699	0863608379	1971539427	2137960026	0997775378	2058462270	0613818720	2087270499	1609902948	1492378483
1943650468	1559661159	1039704031	0231213378	1205326623	0711310610	2103443068	0691846962	1395425476	0247066245	1356490064	0842109096	1410342742	1853452855	1731834250	2092371959	1450795288	0987077378	0498318971	0060722297	0504913354	1370851381	1694595451	1137618443	0906262260	1595779296	0339360489	2062655838	0228155745	1355296320	0106206511	0453919720
1166819896	2068811315	0604042628	0989249427	0496724515	1179987716	0042062767	0426805106	0718035562	1313078041	1360678515	0370444702	0509013861	1568595826	0880797010	0950568299	1070551260	1137032254	1791601972	1586128817	1352517108	0640630661	1743997016	0353550009	0027750014	0390533899	0993215261	0578503496	1249787303	0637650214	1043748168	1629030880
0852984557	1658105774	2035940146	0041602524	1281435593	2121999435	1183578316	0259734851	1676870053	1727081190	1664587478	1452273277	0057834737	1365816315	0822103422	0182428756	1620937823	0124445319	2050887902	0012950917	0770213672	2097244835	1744843634	1697756853	0584210682	0533698290	1975450158	1293622886	0795402774	0248720043	1234585639	0693837359
0488289503	1146661734	0425515160	0512749610	2078303506	1225506887	0578591432	0580244008	0437801429	0849642581	1324089964	1754474734	0358897381	1854201691	1432619020	0441218976	0306296541	0407662728	1114635566	1180104981	2012935622	2099107763	0842819825	0470663163	1253508640	0905135410	1984164169	1721117767	0221584879	0440417455	1867518623	1911995856
2116541731	1797744009	1736129620	1270211551	0310602830	1916501600	0535169847	0938104893	2051484024	1442038783	1992869486	2002492590	0529244346	0132457348	1417589544	1243886190	0241891785	0288686724	0792211695	0303346465	0217859277	0101250404	0908491604	0409658258	0293769924	0326208215	0055718714	0161556106	0854143734	1813040790	1131090247	0708538085
0602771980	1108304961	0008325449	0339384288	0315161984	1232791586	0605959646	0996316248	1157184477	1187597707	1241646331	1251287218	0076917855	2120717138	1106849107	1309591035	0736627142	0249150639	2029161670	2079873330	1839735091	0958124931	1373330111	0404937621	0410918804	0004930076	1255408746	0627962247	1426843971	0016734548	2084674126	0922334877
1145313693	1391310190	1948414794	0029309655	0833616422	0407891526	0665076258	0284285571	1983960869	0451738314	1011151253	1381010460	0639544444	0667817073	1252006689	1431648717	1313205631	1357599998	0169417011	1975871602	1934381253	0390787238	0956116540	1978040926	1886987722	0564144758	0440646201	1417085351	1359849027	1461625415	0472911872	0392855157
1351892821	0885657287	1032865252	1255971663	1498973678	1119943189	0191011568	1990854758	0353213799	0819519485	1851356184	0852823105	1092065657	1952249937	0062048646	1322024527	1400413427	0327696469	1446483575	1534560985	0087874425	1584195486	1071277696	0461340224	1329179098	1388203992	1282152536	1286758554	1390691788	0144866968	1680159125	1171939472
0066695620	2114305253	0716480262	0942954705	1957895722	0461476673	1474993794	1816958437	0402990319	2042352442	0438879046	1781282324	2089980288	2056170084	0743754264	1923089508	1736473606	0609133312	0649029535	1169951632	1016807092	1949416065	1825285823	0774929766	1903741754	0828802825	1110145333	0874686595	1332038450	0053209175	0933407073	0404634576
1760092430	0286233585	0364493815	1424187461	0465927565	1119207993	0719474278	1871257736	0330758637	1372733623	1117182040	1029020559	1062725822	0611398255	0061220890	0294831317	0985171190	0673271960	0590495677	0938910552	0559809308	0589182049	0335601226	1157748360	2074844700	1075412914	1242472446	0103416494	0806744235	1886094134	0577996771	1323194816
1742107827	0814205191	0580846453	1973159956	1456903518	0568883932	0635048680	0269439170	1568602314	0989840826	1846432920	1859387290	0540151886	0919372133	0742599166	1836710245	1659145737	0187245464	0970970593	0374522998	0333458029	1644258380	1231023064	0947181450	2129838586	1939686706	1512706282	2143068388	0954669632	1282178287	1719555611	1883716398
1417577112	1034941566	1792842709	0964359106	0924410633	1672806433	0001812907	0404756891	1668356988	0381918437	0074549776	0975119031	1377843760	1103908719	1282613800	0449288014	0631148446	1290199389	1238747164	1917111330	0045483722	2088220969	0404583062	0894296632	0205448671	1969592768	1632716918	0527199460	0123796698	1886932990	1791747681	1887576333
1866995247	1705550012	0567331528	0313598416	0723707974	0012542410	0346887464	1866989490	1608792113	0002443814	0270992605	1907380595	1857261396	1317473427	0072003372	1127379943	0626484520	0213006399	0143308444	1255850021	1602020231	0004056331	1602762060	1734558099	0627461868	1606908706	0560277070	2008407042	1149191348	2138548365	0148570716	1652025998
0784876323	1571800787	1059485362	1983561857	0187994571	0676310060	0112234849	0840465077	1696602820	0515730874	0644800026	0951554220	0461056331	0852756741	2124169556	1149579964	0080082889	1628352401	0187206239	0311716018	1298499493	1152158037	0460082860	1671498820	1647081333	1431753901	0933549472	0650450922	1436882824	1236012453	1051980140	0397347229
1688219280	1347494796	2129978757	0000573409	1047350475	2043462513	1915973167	0243731004	1135669399	0360934457	1731599671	0297286353	1444771949	0684550214	1165549719	0048299299	0017499727	2060135697	0821818898	1842884829	0208680322	0449376303	2115021669	2019865739	0461983597	1404930874	1090500553	1417350773	1525829287	1510597782	1065247240	0039197641
1664756305	2142265019	0337348731	0463293837	1951298084	1244124451	2098860765	0986491733	1392801691	1246268337	1623930768	1034748053	0687953365	0380250107	2099698524	0034321717	1319480223	1587969039	0068873557	0064186766	0750185368	0488988439	0008777204	1489579632	0000518298	0121099898	1658971977	1561828438	0957940185	0415787736	0232691614	0280235311
0483234106	2079950235	0984793779	0772576224	1002467006	1453759127	1408195570	0125671403	1182845220	0823492261	2049809359	1213231539	0425247708	0312651140	1982709418	0893437827	0803898565	1303558678	0282534452	0470191247	1911951016	1362915851	1466128855	1000300307	1545271033	1850508460	1637511366	1650592057	0306950053	0653820677	0090296640	1492173698
0649312620	1632793933	1821590565	0945754323	1766435214	1662705570	2035300226	0023885319	2008598091	0065184597	0340861809	1525537314	0898374865	0028833998	1429183811	0687719782	0749387920	2118665432	0983564717	1590567660	0794223764	1907935443	0445173497	0197937931	0290637114	1360161720	0274605725	0356062672	1455887762	0676942016	2143584753	1043281599
0229856638	2024917560	1616076911	0031475921	0734827085	0060363698	0920390902	0685180573	1022575197	0109709038	1338832540	0424846514	0012234523	1614681596	0202736833	1488888089	1262656979	0042446399	0432057189	0942965016	2131192699	1075943780	1574802720	2120849412	1182494578	1372703108	0604316435	1296156382	0426197106	1236797797	1366354866	1283595491
1916183122	1624961042	1170693995	0608800151	1492043549	0609382024	0534164825	1226569315	1254949652	1501903977	0977354601	0296363104	0960111535	0402445187	1470253506	1603832960	0405821576	0235164960	1047572240	1475699574	0794101015	1992376647	0161798458	0632386504	0623403725	2121176009	0229159416	1044125641	1530768650	0774609490	0815830316	2124518564
0572906479	1670003052	0130028674	1401054919	0371834278	0241297576	1039234296	0926311821	1413818444	0140034253	2061096706	1941111632	1839117447	1314800458	0244569976	0203886274	1480190153	1105334623	1625462211	1003906790	2029888698	1414131044	1098935159	1443853113	0274059091	1906203269	1397296137	1622494614	0519627892	1717472142	1226591267	1623896916
0465797489	1080504308	0914185524	1618091230	1673880649	0876292043	0397515575	0222643208	1047883782	0269335027	1965754560	1548464472	1835546558	1428411151	0586525044	0776474778	2100954674	1819081944	1733034116	0783683351	0848873206	1278106221	1999819053	0692264574	1971779419	1876538276	1033964890	0410234706	1392196872	1818493639	0435326569	0056859854
0013343263	0921921953	0647750966	1155878919	0719920871	0787211699	0020275926	1475072056	0984824224	1284265339	0289416576	0173932377	0556216672	0337290913	1639030358	1410486837	2127773873	1597793667	1982639181	1860448215	1191249185	0335011314	1980515611	0529345577	1833846765	0777277611	0561783376	1555088220	1491729550	1774451772	1105526115	0548900961
1936187662	0686332243	1051340064	0377008132	1298915874	1707822563	0107390539	1026525493	2077824500	1764787633	1889099114	1690571750	0083268793	1486749754	1830882633	0351234968	1921045220	1737863542	0347467547	0879026236	1253940739	1724972362	0581253634	0226716435	0787133267	0849552949	1965128587	1765154496	1612514614	0289492358	1447600451	0978543094
0944012132	0402718488	1768656119	0334750259	1887931520	1394172215	0658345088	0970144672	1525654280	0716738780	0992899437	1712900469	1699894448	0003547848	1646622867	0168766780	1784857420	2047076644	0381647121	1956992705	0316855483	1778141868	0847943824	0690368476	0168831391	0723290850	1591873930	1273867184	1621284545	1656834679	2147482951	2135785975
0965722220	0211947514	1673981072	0416617757	1297952679	0551789727	1095553943	0450330623	0974408733	0177283509	1044117374	1391825181	2013933943	1698019634	0705803655	1889847204	1378818498	0306461109	1026073457	0922906389	0013297642	0155169806	0893781984	0145694323	0553129081	2131240151	1873469544	0997393694	2085950223	0894860686	1095569661	0714503049
2071674166	1475339151	1178922595	1467926943	1155994265	0511057446	1555390569	0130858252	0311386836	0060904913	1426656819	1166238178	0881811477	0820845992	0523639216	0416317906	0553324216	1115906802	1070931963	1093056634	1427731200	2043490469	0238346012	0824422029	0496550959	0410515671	1819408333	0776203098	1829796208	1419042816	2046708577	0637995993
0412804880	1639438350	1825157440	0764680332	1440196276	1090625395	1368086620	0324413911	2111106091	0635255703	1601391084	0167400937	0303970589	2117576757	2013556815	1802080279	1601375512	2053165980	1793385864	1503230603	1799121313	1262157831	0243200551	0810280416	1189146085	1495431613	1717998850	1489038035	1635315754	1256163172	0422698147	0411852353
0662702590	1192236788	1901269406	0078239282	0707620610	0215155184	1898199587	0023398877	0275418338	1128747481	2135859216	0049200060	0124204325	0147985391	0404403311	0020705222	0100315340	0225256485	2019557381	1721861632	1986305699	1206590478	0478085125	1440372448	1904064552	1959101517	1399920415	0631578373	2073531537	0479918843	0047416169	0207119346
2131340082	1405526214	0358961698	0787693863	1681555333	1015687211	0307445274	0387065436	0680816089	0683136607	1029376987	0610760277	0076142879	1980597388	1903771616	1330693459	1070265555	0630155613	1783524334	1116736712	2134327451	0074629469	0167035635	0606790816	2080888556	1722769297	0061562178	1735891439	1562070778	0735981271	0131414977	1078329323
0866434628	0080182489	1154845954	0538747292	0934680892	0338874039	0329341629	1179400284	0906511378	1487738228	1264295975	1819248407	0235810463	1159122926	1554855345	1872766719	2069915801	1987269654	0227912987	1570229908	0427525773	2092867596	1191031759	0975699826	0401847090	0007971815	0838308591	1959764617	1807223880	0003047992	1835477663	0270492886
2098537950	2003390969	0595914670	1821612729	1318264671	0485539398	0022803586	1007780736	0567306063	2033091808	1561709639	1108769039	1365633454	2043725889	2047566305	0021444960	1795673671	1299697206	1954767605	1574305429	0205330516	2131245330	1960512997	1500344658	0539683932	1644403843	1528336058	0692225039	1307314674	1132533461	1342315666	0983686727
1493706083	0634303551	0630957949	0235999957	0048981290	0742304229	1174671380	0884716789	0258300895	1198691678	0866939639	2125451425	1219115777	0537388012	1711582049	1016045978	2042274949	1283937842	1227625438	1825339737	1681062364	1320291816	0196027061	0386899729	0043262187	1258104223	0833687599	1604163365	1663971117	1830512185	0567566373	2113154684
0706219902	0295775945	1829148457	1269709994	0470868919	0416682438	0237562599	0542501620	1756645825	0341201819	0797634443	1249158927	0813953017	0637525329	1092289620	1421428784	1345483460	0537709310	0669186594	0647226019	0923029278	2078693065	1330374059	2144560696	0266086424	1053575114	1434271483	0296877206	1010689261	0058761857	1915536626	1496721005
1913973724	0998830855	0470511386	0850076248	0022796645	0891123349	0559172465	0623179983	0508227862	1243212515	1804337942	0891211907	2047566771	0029277022	0285153591	1540387480	1377011775	0005638706	0280451274	1965440600	0566706046	0538540677	1757069881	1025860070	1631478374	1185826922	1544833894	0945964228	0999341255	0458869598	0607557209	2076753825
0949822084	1413817637	0126471004	1736837345	0280043744	1558534831	1436862158	0888678991	0279036852	1815570163	0692589318	0987300886	2107334280	1666937636	0149189490	1314342381	1135604425	1416400086	0580018407	0941092716	0728217657	0644856946	1908208660	0742164322	0970738078	0761610687	1388280289	0416992568	1154950215	0143578272	1495881923	0696424432
1019552474	0846411105	0699764007	1313214677	1509636120	2082463182	0270221068	1825060118	1276473125	0322178345	1045170328	1908953883	0382225401	0938726430	1760238148	0587832364	1273765548	2060571940	1711304058	0638818535	1352366392	0255030496	2067670507	0757835395	0213973408	1363443178	1738979156	1917722869	1733685107	0987470853	0669002355	1845688440
0084330165	2145359782	0811422944	1064261358	0649348043	0080664647	0668540872	0531994600	1258819739	2121946776	0298538503	1014820529	0773506429	1604036912	1686159193	1083350939	1512872507	0641844669	0672993002	0197015865	1973343028	0238827328	0323965453	1016323426	0262892544	1061125129	1625838415	0884316477	2120191699	0865730422	1129494129	1799870270
0964976248	0559297992	0585428625	1676313468	0962491683	1750886977	0189007598	0522385673	0822857175	2113337192	1626148211	1796090555	1863815653	1953204829	1078532961	2141494847	0277969809	1061647638	1817712590	0193137908	1221029139	0483008441	0434682227	2112305742	1470437237	0396832583	1628498546	0495981607	1578834842	1169247162	2061681684	1035418643
1221141260	0219942441	0753249400	0446566735	2139252527	1246003215	1462992608	1976488153	1559335675	2011745384	1422130520	0254658530	0111005239	1649246277	1310745710	0815897044	1098532413	1117352032	1738592456	1860906910	0310601462	1893509624	0656085675	1650896027	1120806549	1816601206	0841459843	1235765806	1201551305	1684050394	0000504498	2036646945
1183355082	0802808307	0159461648	0012326480	1012719248	1964498661	1915406449	1456319813	1495972232	0066764148	1118571702	0762749676	1203915589	0618382289	1477763390	1120918175	1545215741	0921215816	1664608289	1802043754	0987499837	1156136443	0753159445	1082176697	1104740036	0222173090	1736545144	1811472478	0542274227	0082335321	0830271379	0022328647
1615415551	1800900283	1096535563	1916032434	1239831473	0813739870	1350130994	1339401956	1405086638	1560942454	1099592626	1756482747	1895317167	0970689818	2097988514	1358954705	1463141090	0177057833	1546148136	1559593052	2042513329	0995423208	1180246726	0100276543	1720678953	1436372569	1250091256	1451220991	1699416758	0564946606	1032403655	2087845472
0536055924	0798015503	1211183406	0362014729	0560378352	1563169969	2030215232	0459737041	0154286181	1075082138	2125571155	1083934240	0578994179	0906761896	1403226960	0370105366	1248244650	0480085007	0692650870	2021805350	0848770969	1707292609	1937871896	1075965670	1942707950	0751146662	1613071168	1053560848	1194502821	1331780391	0010978856	1985522797
0933258446	0054144234	1616558157	1677326502	0808684945	0143868752	2083011989	0904085729	1522044778	0181380782	1187507981	1881105096	0479097338	1272767163	0313100774	0949773468	0596728525	0467688185	0645177275	0849527222	1532734898	1609084921	0628700576	0951037592	0368024123	0628531901	0263600514	0075075037	1213246070	0669470225	1119244942	1340476121
0131224970	0032365321	0650587356	1582445415	1722605457	1602870592	1411171776	0754641764	0225708366	1024386760	0491877321	1317576744	1808452191	1319918146	0358206312	0976823243	2103247433	1698776811	0546775612	0575185371	1316635250	1017148062	1237647914	0621885756	0230991143	1765190272	0066318199	0065957800	0451182748	0263688079	1546779992	1441778609
1915092362	0472426898	0831831727	0477293719	1024113688	0197323511	0701498409	0398538033	0227225638	0755373500	1786577083	0884681627	1814816808	0915853715	1738089956	2005323998	0872078368	0445240201	1319032059	0498127632	1139855018	1989156286	1871765953	0282427168	0814552706	2126563764	0586844527	1851058265	0140665766	1937517462	1561444373	0945410671
0285643344	1181731563	1433611885	2095915502	0877580373	0575641415	0391432170	1058070429	1825103043	1997913600	0879570708	1814947055	0957431397	0454522408	0558778877	0450597408	1163296934	0840447450	1400345831	1339094144	0526657648	1754980649	0271876198	1725542617	1575594831	0401473460	0170823346	1989823830	0206276079	0843453495	0383336618	0287597726
1816775132	1617150478	0895047314	2084742810	2076706865	0160565364	1382612116	1788773072	1285446751	0818055237	0864060165	0974772141	1990114471	0796112072	1432473294	0139485741	1432190110	1822463194	0579644397	1097557587	1913320626	0759631004	0328002813	0152756242	1131201129	0424648212	0974340103	1171302746	0102659973	0976797670	1673442022	2094222642
0342969764	0446715000	0336175088	0065228759	1083092543	1464978229	0989081948	1976872256	1572503855	2138531003	2004251229	0021918961	1172273890	1392291652	1263977452	0760799640	0641915242	1859113413	0232068441	0543984935	0916917266	0285838790	0171625191	0434047216	0029610453	1594161114	1059863026	1888509764	0375300888	0522553377	1493974656	0853242668
1701210057	0640151841	0138920217	0517362830	0155797107	0699411656	1833702361	0497763230	1457801545	0629638192	1677164175	0227938703	2002438720	1771334903	0259916360	0432524522	0207496159	2021985232	1724564096	0161977913	1501003042	0867725585	0302460318	0356772177	0495636415	0072160192	1615570036	0102362384	0270186641	1246445529	0307029418	1987708232
1156642492	0668390400	0150495343	1786977282	1168375279	0292845985	1977434618	0286703754	1824173257	1403385827	0892699388	1277856174	2092246418	1488311348	0159305580	1684258898	1357347579	0221978172	0608041965	1634113329	0374359020	1872447077	0992660001	1983666911	1953637149	1902084260	0888588578	0906949208	0256412450	1671851268	1128223928	1926438533
0041478312	1341288156	0894195333	0650400025	0581456945	1496280765	0957310985	0578241571	1142581122	0562145980	1206922707	1766890634	0727014922	1905326271	1689976280	0812622738	1901846293	1184044503	1652488819	2121057929	0392072503	1082728925	1796101444	2046827076	0482125039	0619730342	0512170044	0927472332	1591173998	0247528295	0532229826	0917295827
0205862576	0336159515	1950976995	0142548922	1375465649	1937186435	0292840878	1891601269	0794617895	2089644219	0702825695	1231397365	0795607416	1540654490	1569681551	1948707909	0660726166	0186733325	0953385008	1166339189	0432019707	0313005042	1488289391	1937757928	1307989141	1730882095	1121888403	0671968561	0159105154	0463182763	0084477366	0324399695
1872177779	0761535809	0129805743	1949220896	0692564087	0563243469	0325067507	0211192181	1864001223	0777112525	2082150268	1453526411	1791905052	0237543436	0220429079	0342239678	1061061480	0556089672	0350285560	0996730493	1676949251	0910678329	0654723334	0228867310	0429667393	1579852937	1100500651	1985273393	1036492712	2093149767	1638512462	1296143353
0207218703	1653749534	1835058464	1814949881	1004927979	2013143045	1290298830	0762568404	0304760732	0365124629	1288860124	0204556779	2011949453	0556950909	1940193937	1447803111	0089682420	1906396393	0348163911	1845397749	1641137469	0317479415	1527148757	0064609955	1420271950	1229927245	1857104340	0825316882	0503959801	0376871639	1152361670	1735059044
0456909895	2030567240	2080968203	0913912779	1329033309	1085411916	1791974594	1406335830	1081275928	0997900982	2022005051	2057662029	0049070115	0087702357	0839732257	0117515315	1542427612	1305771947	0973724536	1562886412	1559440027	1618105801	1918775446	0096993923	0236775788	0203471025	0943551151	1244945409	0864316342	0985371686	1895524585	0161796850
0605360848	1669736497	2092489730	1282688838	1710451680	1345287018	1531075910	1643761016	1461760904	0602591848	0228310084	1801788246	0988144175	1248106974	0313648122	1559116716	0479185118	0600601976	1144269732	1025326839	1259399545	1129327983	1154938095	2087361079	0984797361	0832778898	1364011187	0548088184	1160746505	0925060187	1852442276	1926902173
1391424851	1728038574	0575471190	1825427889	1015149381	2005554699	0454502781	0228907888	1111661839	0592799173	0999062178	0063389753	0239689759	1933941388	1587910771	1237046928	1258532289	1585741920	1292390170	1551981432	0815551162	1727744580	2076764973	1137186520	0089383340	1174726127	1804849618	0901015851	1466212760	0263007995	0854026439	1989147372
1721948355	1296375513	1961648176	1251945288	0399682110	0128374954	1524270290	1078338967	1028521336	1262219449	1278814277	1015214363	0950223526	1718402390	1828883874	1117830807	1195429293	1870609766	0177745082	0211840197	2017787900	2046965523	0661520121	0645833128	1135030358	0357990605	1646402988	0768227721	0931621083	0452271704	1385902395	1253917403
1332764210	1513639260	0643760458	0659404020	1587745620	0608837718	2123432118	1640361380	0158653474	1461731591	0109928257	0728278979	1675495800	0104847489	1235157083	1708162079	1518668657	1420973604	0137724141	1889749968	1892056693	2006478122	0942087613	0269582360	1827712997	0766253891	2117198625	2100743232	0412859897	0416625422	1426778334	1061057136
0483080064	1638449988	0246142835	0869123723	0178645567	0313906063	1599363809	0454728364	1872797722	0443499575	2129101935	0296211584	0560998542	1249285064	0786453929	0169337418	0638152051	0888188039	0617541176	0226079081	0812542824	0558731695	1805093181	0699611898	0904202361	1334795155	1287993523	0671979301	0339612334	2000447459	0516465981	0114841493
1700657845	2096542992	0686386568	1964380339	2074252242	1855389543	2069494761	1353301315	0935895828	1430950568	0316833623	1410740848	2101969456	1694653842	2118995980	0096634012	0630202552	0424944460	1658412945	0756112202	1317039715	1372540376	0016763358	0421400149	0071236437	1122405280	0769185712	2000190291	0489210699	1596817377	0606518680	1802066098
1363035445	1328661566	1279978256	1250856593	1429338068	1132833534	2090675283	0852049167	0969391573	1753221269	0766747596	1824963972	1808030950	0682571600	0123238926	1102393574	1587375549	0831505362	1434528105	0314955866	2063533654	2096707375	1301688002	1054337625	1364891978	0319156992	1804897985	1713920020	1655618929	1041725524	1994191524	0599665139
0431235802	0022815589	1209515157	0241041197	1025239737	1942959878	0690333264	1724506954	1349075966	0787415536	1298680738	2050859105	1676443385	0998523055	1739767727	0138850137	1487011917	1942088880	1083855407	1401531595	1940876869	0040939353	0872938831	2022139960	0030110298	1405121441	2145876475	0905547607	0322024560	0607989480	0751997934	0888014143
1989838398	0451120455	1364213275	1797097553	1608561863	0427599358	1182127044	1638010111	1443064684	2055318417	1462172524	1078238247	1483203943	0218495625	0058933005	0497053768	0271291946	0495953841	1112171680	0571762272	1766668826	1294055160	1618180951	1034337849	0236105678	1825834137	1400508576	1926865712	0778624824	1729555797	0305634387	0016258685
0529295626	0994320308	1971159249	0043275674	1484780232	0941381084	1279851339	1265246221	0610163753	0787782246	1019524767	0380739556	1735933279	0117792011	1897889990	1262453039	0909794113	0826090551	0622112802	1899469618	2041457071	0422764178	1521635370	1890395114	1997607280	0026217762	0407778299	0909553716	1080705466	0000080736	1356929952	1792855771
1183892140	1239207525	1064464069	1908828173	0416901078	1764761432	1448738907	0785220263	0909949426	1288952495	1757036176	0459380135	0598217980	1878638253	1968539977	1118327757	0957733355	1234563220	0317041226	0604957175	1327655327	1547988559	0279327708	0261536014	1884245536	1720864890	0266448434	0695426243	1422859127	1762938144	0869508549	0203965208
0659350244	0683932388	1519166372	1196135021	0846878380	2110803991	2000311944	0386349023	1524964680	2011533462	0007841113	0789083724	1418629043	1534876707	1099246785	0238900354	1551313435	0325943818	2054449276	1886905266	1325790413	0269150019	1003808751	0382147225	1772306045	1549514425	0154753806	0344520925	0747274163	0952489885	1154392457	1506757801
0951195983	0882618013	1491394662	0440956450	0188989353	0215741958	1022691970	2072312849	1472266097	1069711545	2056327778	1246633675	1321715593	0503126983	1412085042	1071517897	0203431137	0273153535	1718909106	1755325098	1766063247	1853507142	0496752212	1645491195	0476108299	0428112571	1217763347	1429417119	0313960044	0359138829	1617250933	0435910852
1286969647	0643564545	1661661523	1667871473	0811802420	0999663549	1580697562	0263727497	0061794671	1348433996	0735243981	0624683829	0013563820	0333856158	1893161542	1248322442	1787535151	1954544974	2127513506	1516772792	1769425254	0376700322	0420520498	0319327609	0377490610	0817989032	1898836377	2135993819	0163989034	0942175337	1743959628	1872653540
0167716348	1310115972	0969308713	0360593249	0291884109	0843570215	0197566011	0482228615	0213048527	0851353740	0018768219	1904844271	0031453221	0353308185	0258381340	0403247146	2063876537	1417091015	1455043875	1526118736	2080399831	2098702810	0479225695	1282579615	2022224366	1448721940	0500055894	1335899747	0525518444	1935731844	1615333705	0425314561
1436249511	1329339097	1929823538	1098682525	1492800769	0451076682	0628520464	0071378855	1368540959	1518038543	1568065841	0563273703	0833210345	0025406328	1802392590	0407935548	1404954012	1479380919	0389440667	1946617860	2040494622	1426753011	0635453475	0630377794	1222753107	1540451206	0300571010	0815427326	1793916575	1832955792	0835079929	1382733558
1682365119	1740858631	1293804489	1700120748	1659488301	1649751318	1209035209	0764489749	0384551442	1377791871	0231810296	0500309214	1298481693	0852993437	1807351934	0007767923	1706463041	0880224402	2064163878	1951463908	1883644772	0213758930	2053678726	1821173298	0375198795	0954159973	1306274062	0822836753	1770104638	1057688975	1856456606	0676269779
1582715729	1970805561	0541292399	0760621301	1939538963	1177073328	0452067532	0101867238	0538202407	0366733285	0408254105	0316490570	2087500018	1172461487	0250267137	1466790733	1387065618	1476853541	0861471561	0417777653	1464971928	0883181041	0216788023	1424037249	0088798128	2076486278	0748126949	0252878658	0261467593	0734293789	1834676061	1830353601
0049728732	0419660041	0890012339	1213780218	1056961073	0360025927	1494321490	0240030765	1222778289	1963685080	1126452464	0070730496	1208989481	2143422900	0470501875	0690224871	2050229450	1831250035	0083709441	0302786102	1537256571	0295431740	0339062316	1346229521	0191854655	1128232438	2069466103	0871646309	1773559176	1136050672	0326538827	1317347304
0099737758	1255254046	0175402994	1650556474	1856390219	1707987117	0725565970	1175110124	1816236256	1150196134	1846117491	0852939381	0898832742	1281921796	1703678668	1327907625	1493393751	1827390568	1789640629	0834091721	1953790878	0190840269	1259316112	1874553199	2030514103	1187894644	1937299196	0040531358	0458217807	0390324107	1762208411	1489787900
1353394927	0361749065	0390330798	1874664048	1746069599	0827714138	2139935747	1991463520	1994742145	1264017698	1437214162	0362359278	2056246101	2021371983	0007622741	1413872814	1053830843	1437341492	0354910941	1426097668	0358521909	1986094728	1955768175	1211016243	1847473482	0020760001	1020985993	1317244821	0524789624	0423872339	0819144474	1990997248
0600559582	0431753774	0138436405	0975869134	1099922999	0866610817	0893907365	0105489143	1282017626	1166809831	1899648860	0759010071	0629400117	1970804944	0530922480	0419568075	1491823424	1204708443	1058977585	2039288406	0481233522	0668389652	0137923707	0948888436	0754381230	0141880722	0882446484	0755990406	1417497990	1852621759	0648505660	0955119095
0246368340	0364218964	1099733998	1985038304	1380319183	1906153787	0565652163	0005798272	0814793389	1876755651	0392419221	0467567410	0762795497	1974029136	1032826249	0600448242	0707946041	1389706707	0768479777	0872958981	0213317363	1074713098	0218083169	1716719601	1463536562	0381304796	0498503724	1018382321	0507002457	2122667150	1668446086	1879388523
1693425985	0809756204	0968649589	0020114416	0908057134	1697438749	1680287695	1185331817	1813505133	0345368460	2106893028	0693232599	1061506410	1591711697	0694700800	2115240500	1402925518	1746220613	1218322781	0094540578	1953079314	1116469196	1933153333	1227972260	1212060606	0072729600	0448192057	1538751970	1806282616	1363093120	0150521644	0081534542