0000336140	1354537686	0240746755	0371520337	1407342130	0814290852	2020550880	1239730149	1258271049	1490048534	1438903271	0833926830	1329951488	1484860840	0148676093	1275613590	0908359129	0330634580	1435191271	0723368593	0751016884	1579375969	1674034063	1307237494	1982852848	1156582190	1802378333	0168318149	0687167144	0051135642	0443276294	0523901815
0534852005	2038585340	1549705142	1212650778	1401815816	0275328275	1762542287	0658790891	2020304752	1398024147	0973256802	0144132015	0065222289	0974351253	1358700796	1490659821	0975385645	1563857964	0708445315	1191070237	1622399572	1069740645	0397927831	0708978859	1568409657	2046821921	0395484954	0453734413	0199848794	0194256850	0699734510	0817458598
1573766727	1888784237	0693401305	1749464513	2051458914	1020015013	0030369490	1466394091	1163154465	0593454614	1277640830	0620443457	1760075614	0003607073	0494533795	0867778675	1194743948	1089434586	0681512580	1651642609	0783708341	1268880136	1555831042	1091437022	2124199727	1656663961	1425709172	0271520578	0043604571	0570101170	1765814923	1974892968
0518865144	1782868388	0829670525	0661193704	1602193550	0769545117	1598259185	1216665619	0159771799	0930067043	0103325188	1419647940	1479609410	2082205257	0230242887	2074153562	0196874783	1749661501	1067268936	1805587608	0419511899	0547673392	0631788302	1306840946	1760521553	1056052905	0128831880	0613890984	1154327900	0421748302	1627676614	1714156012
1326969179	0753317358	1588736841	0088419889	0014390699	1346309629	1538229811	1620290891	2136361077	2041526946	1597153303	1957459668	1722651683	0232307327	0263974643	2068093846	1430443027	0376526624	1796145506	0639893463	0091328465	1654187297	0602606617	0476532667	1118014606	2137055439	0826767198	1257100696	1147278486	0053847789	0929174336	0131984168
2054787872	1135237297	1688530731	0139600812	1218704760	0071876234	1138055224	1804789586	2039541674	0442941504	1339537226	1531085881	1811343613	0523923819	0904673233	0658806271	0131312765	1507935886	1423917755	0227946117	2127045818	0098791517	0384167088	1360405134	0070697529	0654913112	1270982509	0383192054	0005394225	0466426401	0913210057	0255802890
0016910936	0754259948	0250977795	0525917857	0058731547	1406116456	1689224404	1060744688	1674217469	0094774842	1595387067	0189618627	0054531841	1688618065	1607423350	0619964190	0147486086	0602518764	1147470943	1140988941	1719647324	1277653142	0827371241	0671833162	0030937808	0280696482	1791684162	0820012500	1547524701	1073200890	0572207077	0652571873
0576484282	1672595957	0759310069	1376499209	2128360179	0714420374	0682155441	1718789201	1887565410	1683412386	0014922277	1690606487	0667093552	1976691124	0675701978	0629618910	1353091601	1706199924	0752984277	0285611768	0651033731	0494735452	2109544227	0154811219	1309461216	0702242856	0025556880	0037752760	1002961455	1174028882	0823671138	0761227804
1395616649	1312627209	0225996032	1564221928	0383137322	1232997148	1913356533	1363119953	0601503875	1270100696	0594946492	0581830612	1334051093	1667445371	0092757047	2042044854	1711698471	0825266885	1811143869	1461793705	1153878255	1454499375	0964641824	1381084765	1888388579	0486028240	1796320139	1427466647	1892115492	0847229268	1565727666	2067755771
0043383796	1154503039	1217825828	0332051639	1629381767	0307891425	1443074352	0070324846	0833680872	1491102676	1975998689	1922848815	1986113649	0126289775	0838405189	1435803556	0276624353	2070888763	1159972812	0806503818	2140372909	0748910666	0539908395	1121986190	0167991023	1631611403	1274161678	0128394262	1848779846	0501983279	1517204737	0439190281
0569758028	0293594623	1674891602	0687509938	1517507106	1226138770	0461230778	1637203823	0776684150	1324902584	0379793545	0868711931	1847592011	2012876904	1112234337	1624838471	1258126845	1213895553	0847912771	0168460705	0935622189	1126867189	0598562630	1228719862	0891971082	1922119114	0459447177	1724992874	0925998818	0448144317	0736385790	0487714869
0078722684	0242223436	1567777787	0016917419	0863219729	1881949818	1791438110	0979583830	1255792908	0642122040	1039800105	1845929096	1981551910	0766553694	0713536705	0862716087	2007173312	1888727708	1890802049	0247029237	0734496608	0948487700	0461662219	0298498122	0336137062	1573609424	1392476363	0073447935	1783830167	1961904649	1267519705	0165903695
0909628059	0182704620	1962416777	1284920413	0561827059	0141784754	1416995955	2004854102	1564470884	0272373520	1494098883	0793642210	0723691953	1890761110	1706451111	0679716892	1536285451	1153687076	0388837569	0400284362	1660489730	1300899345	0684281308	0941013871	1550553389	0436752578	0401473000	0163092126	0900228110	1111551655	0888420332	0226722333
0886260953	0441261479	1020644462	2019584245	0025881233	1194186337	0307601097	0858498950	1996712104	0013380259	1543713725	1446636668	1960111389	1192969943	1338503609	1338954138	0321060453	1584112307	1820771890	0071185480	0265970981	1260808260	1183280871	1703027677	1124120123	1673264602	1259808349	1557645870	1528480160	0966663706	1003117187	1643932959
0056639611	0606686456	0326910036	1113806026	0122928083	0173022567	0297425531	1636452948	1041629907	0387156605	0065609825	1045217864	0560407788	2057900821	1914963612	0456009295	1926568569	0079509717	0584985185	0665868329	0711720986	0410697912	0587365526	2017553870	0261106960	1115585899	2119966183	1370450304	1396145253	1606940049	1087058871	1555059868
1015217486	1002711787	1272826100	1303654933	1900292237	0834829075	1461597674	0006668885	0414800551	0820942495	2145565137	2115340782	0940746989	1360034909	0290776895	1561977340	1313052452	0930604192	0541253843	0112610609	0713412456	0921946791	1065203232	1447038832	0129347149	0684082479	1894262162	0419089959	2046062400	0515117389	1071375866	2111283414
1468039717	0903903236	0602368574	0770711260	1870271763	0939379602	2000681717	0158672893	1788106724	0823554150	0942494135	0659546673	1837830944	1167381007	0761985657	1247950138	1972672764	1858602162	0229407472	0918235539	0967216631	1706193074	0637856327	0212922065	0873390553	1024297026	1131201630	0433068519	0760519150	0222687106	1785677468	0797237851
1026088124	1169414658	0581819662	1150014443	0939920501	0354152975	1571864988	2138511569	1677623991	1513615274	0240627756	0518987791	1696712870	0217857577	0072678504	1736905232	1421020553	0926795984	0961211397	1707956645	0213423066	0703779772	0086700328	1178500030	0808327929	0585951781	1879061772	0496689222	0586818265	1409672831	1331676913	0419307757
1411626092	1947879835	1775671977	0138675080	0692312565	0630880509	1081949524	1581610719	0578771667	1461970006	1969485515	1977599394	0908610339	0257753756	0592861093	2039751618	1823986665	0414817730	1109669948	1474825488	1135723142	1264193058	0089522388	1364222216	1947368940	1778994300	0142382919	0732936875	0503858933	0829066810	1251973934	0881135432
0195975912	1674722133	2134211749	0277509602	1916883177	0505883545	0496982342	1218318811	0027682332	1400486172	1550321684	0837453937	0480496721	1169877127	1912085204	1470729920	1020988470	1358875760	0136312475	1786199623	0983162348	1270402818	1377743652	1568877210	1315050604	0153806504	1603085387	0726264047	0022788381	0752230301	0498439018	2078352226
2044343927	1697512736	0776303557	1370726974	1751170649	0661715608	1783899490	0979532663	0395829139	1943484414	0916275228	0232524359	1764147820	1873180258	0430331186	1998803653	0806305950	0962289080	0493222003	0295327001	0726197590	1053329229	1596649582	2081355409	0979233080	1803188599	0901556929	1970176118	0699662133	1748502006	0906989294	0930137852
1293412051	1546866223	0743579379	1131280960	1766367829	0530165875	0588209722	1173570513	1709797943	1095347494	1275509574	1307645864	0256392850	1342434068	0826185494	0070336156	1023768042	0830502130	1753077057	0490460159	1121655127	1046266123	0998627625	1349792070	2085557229	0732261469	2037212173	2093207490	0461179276	0771609709	1938118577	0926965943
1670228663	1774389104	0052265039	0097698850	1347065642	1359638420	0069437213	0947618570	0886579838	1505794380	1938848412	0308400906	1415986931	0078573263	2025871983	0477195096	1514040574	0946193915	0564723370	1575443497	0005486569	2018452009	0323743604	1582674577	1279163897	0448826762	1468820670	1144478425	0237862796	1292945305	0144717142	1309517190
1642997874	1520535192	0579572644	2039088563	1417439515	0869832434	1352533109	0909559468	1177379330	1300075852	1876219986	2126915801	0061079445	0065048849	0206828820	1543436894	1088905345	0376493681	1242472505	0104408107	0292914750	0985684326	0707614124	0106144982	1567285464	0332379346	0694702375	2141711533	1772327764	1914545658	2021391005	0327325495
1653974498	1321061118	0240783893	0995698703	1515523897	0106599812	0621678686	1045732947	0627473181	1797046297	0747102271	0210984688	0524150019	0411449339	0331697233	2115331066	0777450177	1314616491	1447603901	1036527244	0526045444	0055602609	0357663018	0435615573	0619182788	2046848201	0837172914	0052310454	0860988755	0893191799	0963873263	1348781920
0140351708	0954111950	0499151501	1168152125	0837264001	1583209663	1682419711	0510902728	1102528790	1712467214	0860628604	1282584883	2110763642	1322166301	1635725398	1698598939	1852248202	0812584102	1252491041	0982218193	0434375262	1248112281	0402842871	1711677553	0473698059	0721398184	1994091173	1060549529	0541663803	0560357388	1210828021	0831509975
1512058796	1998189421	1220326961	1566404677	0561377766	1180451891	1401001051	1613958449	0933707086	1151985773	1859809106	1187162457	0368850522	1632918012	1759502671	1111572307	1235518496	1339979429	0373257114	0532582111	0395698881	1901721855	1240098684	1009787853	2088666777	1454827177	0031559097	2132766117	1750576342	1410616094	0005228978	1984087366
0430289746	1302321573	0965347187	0351218824	1649713012	0565226267	1437698788	2065017519	1266222666	1988889339	1680155018	1102913123	1729501004	1532212083	1412067804	0781798831	1388000271	0005697336	1265845684	2095403806	0867440289	1949941387	2064438089	0117677244	2116484668	0838686168	1863250315	1041503651	0412655660	1278981457	1677524976	1996953816
1928350196	2106027295	1175277211	0329500171	1696532031	1473463798	1872119429	1928331006	1783500965	0723973929	0187480801	0631312258	1895904026	0096610796	0240011240	0894621614	1372453851	0710021330	1909350578	0607027325	1760928025	1445176868	1047572906	1486893036	2091539560	0345567177	1151762351	0252239199	0251498415	0686043609	0495235720	1927613915
0468770763	1660196545	0668306344	0885249798	0626648570	0822711102	1805771928	1369894492	0644547557	1003275031	0001849773	1024363753	0105198672	0695038823	1353942128	0968621684	1698598728	1848701925	1339848679	0323225511	1465020114	1693043143	0817781651	0560867557	1195303816	1909201474	0248520044	0020686093	1926297884	1972557863	2074944702	0608662881
1332430306	0196682026	0657478249	1433567128	1343684603	0369090769	1375782047	0812436680	0922253134	1918942739	0761203727	0990954510	1236767085	0850178282	1737682083	1592653428	1489988188	0424668049	1307740562	1847982136	2127256838	1497921010	0607621289	1006262738	0824117441	1819791384	0771690314	1145363165	0075302447	0740358646	0687512604	1562314568
0538392507	1414260338	1124495770	1544312790	0777703888	1283769974	0553751609	1856650012	1779360774	2006744143	1118135266	2017504412	1577350001	1983328239	0556544139	1546061488	0103300116	0998262836	1661234288	0929783769	1784790011	0914133581	0745085229	0670298146	0001727660	1119494209	1234939296	0195299617	1045650303	1385959120	0059810831	0218289821
0894952471	0490716509	1135162283	0427770433	1909900922	1266724345	1830673704	1134732559	1795333753	2029146321	1821902687	1896621483	1417492360	1757998349	1598236217	0830642443	1963834001	1481884064	1657609389	0135648392	1362374877	0963913425	2023784654	1902678592	0140108267	1157566357	1163403926	0491178347	0307338961	0747746492	0300988800	1394772915
0016891753	0431851267	1777001256	1005030763	1593150086	1247384606	1057711028	0079617730	0252876029	0217281990	1136206030	0790157086	0131271354	0811941209	1184806625	1576571391	1782131851	1335595048	1846893292	1006924906	1215756782	2064817516	0052255892	2091448868	0968790380	0238905106	1631180299	0471047691	1273819795	0824817622	0702831569	1330121683
0050360911	0307274259	1807783625	0820747619	1017767852	0917040209	0204658144	1568107361	1261100343	1797352558	1599463604	2131982929	1472437508	1803132575	2107445208	1383820885	0629717185	0857315879	1440190630	0995733073	2093180487	0007339855	0954375106	0627047099	1078337064	0996537615	0582732352	1457209744	1420657020	1259347794	0259548926	0699512225
1376481897	1837397395	0323173905	0597678072	1394339085	1315445531	0348893652	1225252854	0604026095	0711379296	1110365023	0272049131	0337060254	2057311839	0605877726	1766970455	2068566469	0783883200	2060251702	0624031286	1931175501	0198804549	1970983958	1392127131	0646356652	1343963638	0763864720	0617107274	1523422755	1866203751	1287778622	1355105488
1193860381	1271709546	1865084678	1806871534	0523619711	0088497371	1316630673	0940222423	1133588735	1898436608	1859527177	0743749048	1835424196	1519356664	0099405371	2111276678	1354827765	0821137214	1123240076	1914700202	0323844719	1134630735	0083977785	0517876416	0197702421	0627387838	0362686496	1113348086	1016265091	1429939846	0509498145	1118022426
0121002532	0022541615	0899801433	0382842257	0568806987	1489317712	2040879799	1457971909	1345462293	0181955541	0110064259	0866580946	0391865468	1898058974	1955083480	0440765613	1276559188	1768639186	0050157328	1180622072	2113749471	2112870423	0223612569	0160064933	1561802887	0528504528	0583238104	1367449020	0345688946	1050850287	0735260681	0905360729
1476133308	1641417412	0727514122	1705446083	0968080472	1192383232	0067586420	2053595324	0419435884	1417572934	0964721920	0579774590	1138227691	0408475161	1884295115	0406655496	1365956518	1031011596	0166346329	1906526756	0391691205	1116704380	1590923527	0332829492	1817855256	0443441723	1156783371	0888660106	2109120304	1619871946	1537603403	1829669870
1443163697	1571946261	1356983233	0540865891	0034752286	2113602465	1789624228	0558440114	1199458608	0871830267	0570373988	2056099755	1709218408	2092520984	1807974816	1886611109	0676861008	0782083297	1874053039	0066775924	1316490934	0739112697	1221684231	0755721450	1192121792	2116015281	1539633447	1588881026	0364253537	1680802409	1246195425	0398498784
1715051342	1342394960	0168897338	1831662079	0566482008	1068101305	0762827862	0370504044	1506374855	0957473502	1162181143	1414700936	2087175415	0011826160	1193775596	1994211698	0938729557	1812793637	1272157070	0796685958	0340357061	1632172266	2110651531	1585400371	1994427068	0263485853	0295451257	0667084535	1825142405	0511987087	2147481327	2108491407
1787418302	2138147478	2000797495	2104553739	0031541636	1839299090	0072707065	0069446312	1100545463	0590945030	2048735482	0344449976	1702317967	2080926035	0205195203	2004523386	0301094366	1021537030	1988589092	0928870983	1475981238	1233060569	0831789633	1917303508	1127935721	1377510778	1949931186	1892989882	0510716469	0119557424	1504415223	0234193183
1894785377	0622829876	1066430454	0598122516	0274174805	1703524820	0889667936	1867849938	1037956120	0918844259	0460555436	1024149064	0791887943	1304497542	1029636171	0671898471	1128586171	1572205693	1422289563	0780210584	0464136706	1085011838	1510314589	0600589783	0939341981	1368385570	1053899267	0439860013	1088525517	0435175426	1811566747	2126653310
2091844149	1169827206	1073062957	0401450793	1937342724	0772106454	1696977204	0365551821	2026225127	2117519010	1043002986	1989658888	1729063179	0616138249	0269405109	0996139087	0327123197	0401435659	1682985586	1431629265	0986275867	2059709123	0094840621	0553451073	1100508754	2121460514	0715867657	1384320705	0440257337	1323899044	0693165941	2088669059
1493180751	0394983215	0610941628	0976625489	0927079602	1433011829	0600708898	0793824139	1633889009	0899180074	0677079779	0164000200	1129842299	1209112519	2063838919	0784845289	1050212349	0750854950	1005234878	0728743597	0894395938	1874484613	0877789201	1937929964	2051914546	0087887449	1803089854	1389433361	0469320849	0168073712	0873881779	0690397820
0662015999	0390120086	0480711111	0478162563	0594389267	1953968272	1024817580	1290218120	1553559081	1561294141	0567945094	2035867590	0969637479	1591196117	0619282328	1572333334	1420068203	2100518710	0934285937	0143316295	1387801778	0964592779	0556785450	1306808171	1209672128	0731769147	0205207260	0059681738	0196107417	1737443021	1869705688	0015291665
1456459662	1698930728	0986174984	0364168542	0252291444	1129580130	1097805430	1783850633	0158393064	1379988015	0635180505	0337538298	1501862759	0284603675	0887883856	1947588436	1173096278	0181781239	1475537839	0223304517	1425085910	0533774379	1106794334	0389021224	1339490300	0742400599	0646878323	1521753547	1729112306	1441815738	0391635818	0185815071
0552675559	0951346838	1270554351	1777075136	0099248276	1618464660	1507667718	1211785473	1891020210	1766177517	1626559385	0116757385	1688799984	0369968689	1098597958	0071483200	0974783727	0037356726	0789268958	0236889587	2116090818	0661700159	1524248147	0706181566	1798946440	0470550967	1515314115	0875761032	0062748286	0195972125	1611074024	1847299992
1399880865	2114345170	1387365281	0070838641	0879098849	0326863783	0336431855	0085744434	0145175101	0416499515	1458143032	2074042907	0484579845	1075465491	2126134085	1955164162	1796787987	0700653395	1228773264	1789498496	0592746037	0106005426	1369251419	0573837881	0144207290	1330369214	2063130781	1768071805	1251603096	1090912107	1891887910	1317225888
0206582693	1701747699	1086366347	0653227235	0853735181	1388941460	0791875330	1092510851	0844690907	1853167279	1227125712	2016379443	1997348841	2125084430	1493481753	1158956535	0905805455	0360708602	0083138333	1441592181	0929280613	1918181707	0855440785	2137740477	1602782629	2080261282	1917593414	1705418569	0505652674	0911700739	0658499028	1409930605
1369117237	0466124654	0136715522	2117759611	0791816699	0107099634	0432252452	2077266610	0978264991	0564902305	0287836748	1539050592	0382771629	1529245838	0950511970	0123829757	0295071956	0734623569	0934837580	0824845608	1173192271	1795135590	0846104427	1987877802	1859121835	0373616995	0138651137	0289902564	1899481752	0097909562	0593534932	0480061809
0302762084	1133586045	1853225778	0062834758	1649307029	0184320927	1210401115	0098951774	0930122840	1041105367	0161147413	0427691424	0581996659	1977319375	0497298300	0086173976	0922036554	0426366326	1933394690	0989492073	0279908543	1433695271	1349900357	1758053191	0372482064	0391218643	1764289434	2105803109	1702350403	0478594240	1407133665	1605586891
1966852482	0673886703	0185063043	0798242845	0737153106	0499092999	0184909011	0356910668	0675771005	1789755699	0620589564	2068212316	1274084670	0981604453	0856665317	1243613331	2098401513	1857777957	1409379566	0697739352	1644576444	0134273771	1881439847	1810290101	2144900458	1681499064	0069974128	1381614387	0052327298	1144085863	0082524203	1857327506
0281100550	2140404097	1273087382	1400054213	0732837712	0984710039	1512641691	1057487451	0616926385	0630704979	0279300461	1951079332	1862526881	1767650295	0609735467	0032030385	1463768945	2139482230	0811654242	0656719550	1567014917	0080263211	0364056961	0524433224	0876308480	0673772234	0408666207	0800237943	2056510487	0022456544	1617496783	0272944508
0353275964	1864326640	1951428750	1292744266	1060821963	0825494747	1345853209	0309629812	0595373603	1317834248	1841354625	0260345458	1201923667	1499887587	1447626223	1411693098	0926566030	1391341813	0332418908	1359620909	1922613483	0178372372	0017284992	0598568199	1322318045	2038603159	1849189075	0937444141	1683643395	1750006893	0429821339	2019739712
0491331455	0733141470	1795003451	0772727901	1404218698	2005860403	1297502615	1577498667	0186990407	0979194888	1161295655	1564689649	1801673228	1202520296	0790012955	2003828931	1514291063	0861195244	0068685128	1192227857	1751166089	0585075688	0039468603	1923847345	1588538183	1044542177	2089038261	1255907824	0426031605	0602706137	0001681660	0346372209
1797033293	0528544043	1247366709	0756916149	1944075062	0105877929	1373892987	1275259965	1407434695	0222547160	1581088693	0395015273	1149740434	0629618532	1346738555	0157254505	1571579725	1639063622	1969554885	0996017337	0428354594	0990476614	1794703601	0028116245	0103327375	1456404849	0777688637	1027446417	0375924992	0274451070	2051743381	1506084588
0373923327	0992205767	0791807014	2091807486	0553632165	1996638351	0921297235	0885533775	1104482715	0192346337	0801997224	1559975196	2022756596	1803976962	1266671988	0950709605	1297997555	1306020659	0858859826	1619504095	1797582587	1170593713	1070844224	1765910908	1440629216	1924597034	1303659324	1974091774	2085583115	1167327471	2009689752	1232861848
1786853080	1228395912	1889794373	0490887881	1867927840	0199771387	1040761048	0816628921	0514287270	0004467715	2074442007	0749802604	0498324832	0159228124	0382455906	0517856671	2013331853	0168627592	1593008351	1012728108	2113408681	0680180187	0732949928	0723240704	0749070108	1072166442	0366108717	0648557964	1834192423	0144300676	0752424069	1607614147
1679205722	0180480780	1093559896	1296121046	1979788601	1195390389	1216750238	1581963332	0062687417	1320430489	0379220525	1975383026	0165335362	2095073563	1759497129	1018427913	1273267201	0127304852	0718935152	1400101642	1529976915	0352821227	0664012822	1738469542	1942574959	0663450572	0878668380	1681905888	0465014155	0799911652	0867504944	0889114325
1153244449	1539540168	0021140873	0979850756	1447050896	0332106797	0408938626	1083816782	0752361220	0551311004	1639591070	0096955186	1733206676	1536415624	1194021040	1824421712	1284201718	1367622076	1106757491	1917284570	0809644755	1243009893	0546353635	2072952520	1485798359	0873172397	1652716428	1651515098	0788114611	0163132381	1576793895	1226789285
0657018148	0143100562	2056944541	0875151181	0550400764	1373572919	0190844383	1328460110	0041590911	1086255902	0944461767	1517282992	1754422066	1621189952	0067010128	0957790268	0043616364	0768306121	0101806236	1660425440	0220377315	1619725777	1228424667	0225596011	1283519922	0646094939	1240320541	0443571158	1184713769	0015940599	1625675165	0288057374
0952144480	1791621563	1915394754	1259761948	0777784263	0487148952	1304773900	1379417783	1788709516	0217261059	0784418713	0323200458	1043954343	0799246811	0430940492	1501991360	0298517035	0654007853	1088680025	0884507735	1039697611	0123312438	0190426111	0741013547	0957015476	2054072749	2001066918	0190295159	0687586930	0664028003	1993616609	1674486969
0329294048	0379706417	1551835282	0506691759	1195733158	0535217880	1745395524	0235953848	1421510974	0579367143	0732716903	1101756823	1622919727	1222051142	0479943686	0464952470	1910655504	1064082137	1932147990	1511041643	2082768126	1100447582	1093342710	1940843238	1623186783	1415494040	0384488814	0325203075	0342199910	0392680704	0567344897	0538291199
1859060429	1489050000	1836411509	0933257079	0031169065	2019949234	1865284062	0862951128	1662540105	1401813618	0238386489	1504718968	1044268104	1777660644	1349946644	0388515153	1423889591	1902077416	0773561470	0381627352	1624735122	1668623849	0572083970	0730996171	0098701510	1018903086	0669565224	0568409488	1251002960	1741844590	0684948226	1412486462
1375732896	2133839470	0463067390	0292887002	0519323690	0899716422	1101546027	0227555002	1996026954	1382966091	1295579956	1475623559	1664000557	0177826618	1582215749	0010092642	2123309628	1729155597	0021923928	1255754259	2140031944	1460762852	1008201060	1189240590	0936293501	1672189738	0374438277	1057035829	1616450019	2007334783	0307603511	0899071048
0992163444	0080484353	1933306908	1661623646	1031272734	0260325401	0864825668	0955679180	1069782347	1098813345	1544008862	2112036933	1247531668	1381898415	0531018600	2035056915	0229524636	0739927240	2026806550	1152077136	1247863400	0514867198	1161383023	0885599978	0069672889	0613657808	1530306162	1591508262	1570536049	1277870266	0181607015	0694838718
0138261040	0175993226	0833167463	1452172201	0506534052	0692635256	1759380852	1211644021	1661120093	1157992051	1875592043	0163012388	1707555191	2056120276	2054114855	0561258813	1328692467	1799331363	0497500887	1343570038	0591080461	0029957005	0976209637	0380305979	0891255581	0634112042	1707233480	0944090793	1724773915	1540922199	1774099420	1625996992
1402036469	1836359599	0060805709	1906818838	1005746085	0730665058	0976136260	1294542387	1217070552	0523029789	0911096552	1241346354	0504541073	1556375555	1653132425	0053242089	1486592671	1338272299	1746294262	0308657885	1440065690	1043350140	1381825225	1448397917	1496652274	0758811807	1592144363	1524067321	1962006278	0828114661	0281591220	1797160199
0513969538	1106796932	0432685810	0770779928	0876891192	1877478230	1799386239	1419801819	1918370116	1874547201	1929705717	1265948625	1678049546	0075983571	1450591479	1856626809	1389387953	1853632240	0451790651	1890779212	2010691425	0888110783	1466583231	0047063151	0716396761	1687037045	0805023974	0890954918	2023319942	0534714949	1882568795	1457166314
0690729010	1933359035	0390238488	0323209878	1202276283	0983853758	0006028806	0394411033	1731696989	1932909979	1432888884	0681855930	0979875118	1856503030	1456517947	0531043076	0298941400	1343859467	1160546370	1856358536	1175490936	1774092599	1511356445	0931194399	1870928304	1236445954	1895380506	2035228391	0964038121	1972066679	0262066155	0056907088
0807205101	1041934408	1209937618	0898892283	0135143736	1470556073	0246625588	0392818806	0740941564	1894680842	1013393778	0416422489	0163567050	0292341190	2083279641	1107545599	0130630197	0773433745	0382436924	0198826197	0187338247	0382890827	1385122977	1039140959	1505080509	0678236750	0281858974	2002334383	0017742944	1852916522	1307620107	1970978598
1302041611	0554993147	1248342708	2128145813	1406538306	0189322766	1524446955	1900063975	1293396935	1292811611	0045205731	1710993526	1862158152	2012872933	1045493740	0902088426	0165627962	0570350822	1666748793	1270272483	1334686954	1616942963	1702310003	1947075087	1135174223	0628446013	0967564545	1111132731	0290015605	1651878192	0448184528	1412212067
1058943425	1465161286	1918237300	1789792336	1236347623	0242731389	1515009270	0047198411	0842227934	1260169361	1182723613	0927127059	0083137981	1435676117	0282240727	1976006113	2047623983	0990839106	1444655704	0878304146	2002675991	1464181306	0480098969	0927310204	1013772349	0336614345	1005370217	0855902523	1308236455	1592521199	1415099032	0188040299
1444860556	0026284416	1528032077	2025667313	1332273700	1859572278	1501761555	0731151694	0565092924	1344086634	0683574845	1952392112	0304100224	0001384908	1801312286	1578619043	1837280663	0508742828	1308311489	0706133990	0999336608	0380767469	0057583423	1436949211	0204295115	1909129899	1193042666	0413275423	0957919963	0075916582	0324707356	0600585265
0863407955	0750496906	1430040311	0050529753	0997518106	2029459060	0635656119	1888731855	1960500678	1293299225	1798083288	0995940832	1290018706	0349491630	0538050865	2114734185	1483089445	0441611386	0459080470	2004199266	1296060467	0961637348	0276980514	1614435749	0365753598	1122523872	0614877809	0560026499	2092027539	2104579289	0460960486	1389373473
1610266880	1166532666	1536303999	1465423312	2027140988	0330525661	1752073285	0799933331	1231863897	0046676152	0654555509	1703199829	1869995140	0585144135	1189857332	0564458060	1411345621	1528971032	0626814822	1469424819	0560992433	1146611101	1722009976	0184556013	0866524223	1586005654	1430000214	1524103121	0416213231	0941535138	1721553270	1098632859
0658064307	0546025699	0856299462	1537139287	0471723199	1889664516	0455864929	1647692854	0972169113	1190695815	1771939959	1839157964	1995769677	1353878846	2052524757	1753769138	1384847291	0700653651	1233075856	1088718242	1526820854	0995995175	0055877860	0688839281	0237454790	0878039404	1848124491	0224850029	1630702330	1027757296	1305901051	0996091817
1680139954	0849732475	0687454775	0590382565	1185320815	1628628133	0526466669	0692680243	0367993714	0117447838	0408341673	1788245946	1015974657	0843582902	0410796420	0095505835	0996284536	0624200893	0486793056	1765680769	1867650337	1978229407	0759820595	1366975103	0970500515	1063856640	0289703558	0702271557	0507934587	0609106884	0204854139	0567228032
0721624791	1507707728	1884233543	1519298539	1269982143	0749909868	0153627233	0737561337	0917780475	1908890571	1465624264	1109573958	2009005205	0465098654	0072602698	0462833790	0661739096	0031178659	0033711945	1808460454	1458794387	0136464510	0046484574	1729671357	0100367660	1104598725	2142126407	0155180494	1073415200	2026631600	0359176133	0096735614
0190343719	1503734850	1684066054	0263702118	1782733465	0709503311	1792939833	0449238527	1946904084	0408610449	2010596884	1446643843	2080701614	0728318750	0196443350	0941018011	1620134369	1653179470	0843927404	1905874240	0162273028	0018549906	0383141327	1300309183	1502846809	1791146496	0373394626	0696262648	0447932433	1470218696	1018781290	0770023499
1048490871	1882745262	0128079889	0860080129	0654300146	1706281182	2118687483	1354175874	0602223412	0478457173	1250932243	0553303971	0775649087	1108467919	0599676908	0629037385	0169335514	0606151523	2073709340	1320770217	1794061727	2125041809	0777150606	0574693988	1647895757	0087392540	2075088879	0884362073	0739040024	0000269120	0228132546	0965390727
1082995604	1983208103	0684902034	0636137518	1389670260	0155915048	0534162396	1185745112	0169853224	0717368905	0845992077	0099611352	1278232051	1967160216	1551004747	1580275543	1760788752	1251899204	1772631969	0584868152	0846378345	0149166687	0931092360	0155958831	1270023277	1441249006	1603989329	0886431712	1163724345	1581493186	0750878183	1395711909
0766178382	0848118862	1484748495	0407977325	2107100051	2025218127	0225255539	2003657959	0788248306	0262660599	1457792808	0482795433	1149624065	0821288396	1516672303	0080506631	0160249607	0370651511	1837369077	1994716926	0840161965	0897166730	1198545523	0557996201	0181063758	0154252907	0515846020	0432575201	1059258112	0311654754	0268835445	0011730827
1738997512	0078748514	0676348246	0754026951	0629964510	0719139860	0545661704	1181086438	1328414245	1418221503	1127802868	1292134054	1542407114	0961262061	0411982846	0708414794	0678103790	0194683901	1434729726	1556116366	1591910196	1883389846	0224184942	1190003356	0871199781	0711214021	0480071745	0469756436	1046533480	1197129430	0380041267	0737208291
1426587294	2145215150	0528076567	1980432165	1274352302	1184728183	0258196697	1594919539	0921810119	0915640575	0303329623	2082279430	1476868498	1112853860	1299743297	0581935395	0947655327	1504354737	1365088628	1476769895	1603116886	1255667740	0685907111	0348597481	0542474151	1294974342	2034487296	1393356338	1978285878	1708928692	1518231466	0515555408
1990710258	0072085946	0367717514	1917805379	0972947030	1380244952	0658553370	0175772952	1425989639	0690362153	0062560730	1338685727	0104844070	1177693950	0145443251	0628329271	1152965398	1144497305	0555178956	0076267277	1923870927	1984880857	0881591101	1411953854	1014124828	1965761604	1666852980	0873859745	0320072382	0009988539	0373650507	0701887321
0492531076	1567818794	0706122068	0798963554	2112691034	1503588940	1379240331	0953757399	0982663785	1480989065	1647746725	1877579010	1345712052	0084687760	1713008006	1359785160	0388212746	0636302436	2013963439	0046275259	0359197799	0460876076	2118178250	1385431431	1928360043	0124042177	1717731249	1286435322	0253098858	1814885346	2067771881	0314144566
1312916436	0792066927	0017714336	1372101866	1236660376	1204203766	1166805834	1832471281	1281838140	0297672276	1488528869	1667697380	0033305016	1411655692	0297883388	0741720959	2109070725	0786597693	0438095319	1494084517	0552192848	1428357649	1834800577	1775610366	1250662650	0317221714	1490935344	1311133412	0889553617	2093974152	0461565628	0822576832
1696579685	0126900929	0372652232	1103748572	0738506818	1776094113	0791063891	0339557460	1078180141	0506616401	2076674899	1770796449	1947538217	0329065545	0834223790	2025990914	0328584766	1343705725	0724088223	2108420059	0588272466	0080625274	0006798861	0451823536	0295993760	1194997868	1062100732	0842928860	0155730761	1731818081	1820619576	1806211376
0165762440	0683038921	1535052032	1898450413	2091547812	0484258541	2117760104	0800102550	1928443983	1534821757	0175702135	0235768320	0450825525	0702292059	0852511701	0153265923	1107475108	1093371607	0279031470	1725114889	0829221276	1700600349	1130207720	0908292325	1355343399	0897463264	1887425167	1473831932	1616896626	0923524044	1804290639	0096190386
1764114958	1320868624	1300504529	0491059737	0461344338	1398323096	1702725351	0337894335	1043325677	0970675584	1858757676	0695647623	0848625493	1409761124	0668133717	0131391456	0683011876	1080506717	0954673587	1348649972	0070185319	0636134230	1334408844	1237715487	1757585167	1096337284	0731040928	0850932409	1527392690	2016908239	0147404978	1386820255
1648004894	1921658099	1301102660	1953912866	0093608938	1327391362	1406496098	1627416557	1638345307	0634252915	1927402344	1207864260	0411702729	0295455669	0741237019	0417942086	2081113712	1211998895	1183036470	1890347364	1195073030	0177864819	0076776309	1889237163	1863277646	1500855768	0539975114	0095848776	0317642982	2128735679	0582997933	1625862317
1286037391	0007523482	1893110448	0389585584	0087270585	0025391194	1548035452	1067458359	0694252675	1026054574	0605539808	0382549923	2098000390	1558554637	1769741600	1398560250	1393605335	1868211163	0666613754	0355177079	1604111740	0796309742	0459745690	0299649924	0367120453	0472935740	0794004633	0372484373	0430026006	1164610687	1445857651	1752074552
0821227800	0498235331	0802468464	0890171288	1737752414	0627222898	1885507210	1450983338	2000150081	1960884876	1308064070	0842730151	1110995892	0137646179	0579442634	2001494140	0928164372	0337388396	1129943492	0762379623	1426885759	0719065464	1442771779	1427431376	1299315795	1986843869	1661679080	1962951972	1690008190	1348934108	0550691777	1969661116
0633958107	1267531583	0365520434	1498703810	0879373463	0647333980	0590163800	1803622404	1750049811	1151228204	2012181570	0163291683	2106698962	1726566241	1599841454	2040006517	1813106864	0094112318	1197764432	0315135261	0783641310	0142424575	1433049264	1229929364	1892718373	0242432001	0778145642	0118378050	1010146877	1680332204	1933394573	0987609689