0000117649	1977326743	0621132276	0452154665	1566311569	1143995257	0707192808	1615021558	1621510873	1165762081	1469983786	1365616214	1753973209	0519701294	0803655909	1520206580	1499041701	0115722103	1468684586	1004798284	1980842827	1733897595	0263789375	1101778217	1982488685	1478545590	1382451693	1240027358	1958495418	1950632757	0799391797	0720236547
1797810937	0713504869	0327648435	0639176137	0920132265	0633235808	2012754171	1196944453	1566100122	1885172822	0125891516	0587317117	1203943807	1092642215	0905042008	0414356755	1951997711	0117853558	0784826772	0738997130	1426833309	1985021961	1105642382	0355516783	0871065927	0609013490	0782664828	0910426321	0714192172	1141731721	1318648902	0500858874
1946682725	0983197030	1853303192	1363931856	1362255714	1108624531	1084371145	1479605573	2017716798	0851954209	1520916114	0539277757	1260271559	0752881752	0709957740	0840593448	1706650570	1884540658	0238529403	1759190919	0166923737	0873604777	0329792500	0167254593	2139334275	0472458204	1357991669	0309780567	0981629241	1273277233	0295912676	1979702727
1899589718	1912494124	1900997419	1949404714	1634509566	0591463338	0022519803	0533207149	0163294312	0003400918	1324654004	0496876779	1591605117	1050894387	1476449381	0511205382	1894267274	0505007343	0803040857	1920445851	0254203347	1050679146	0006377541	1960632884	1367801820	1980231252	0045091158	1932848762	0404014765	2080347188	1213931909	1458948063
0571813395	0478409440	0448683712	1212062967	0112410927	1652324376	1504748075	1533469453	1069848924	0070289337	0236881109	1973601072	0280805542	1477171935	1917752225	0079587752	1896519430	1849771236	2131889480	2049323812	1642577698	0901088101	0533034863	1562650804	1894543665	0855343586	0504116884	0869481973	1904786023	1199962732	0754707747	1334684647
1578169214	0719455601	1557353397	0907853743	0426546666	0669401776	2116306246	2134914908	1358084680	1873016444	1972076582	0428505876	1385589541	0290747519	1068254908	1196949836	1656572203	2031016113	1035242126	0401903688	0959214401	0356699578	1422948669	1120386891	1205860141	1088213048	1625959884	0778362313	1612500714	0055875058	0641746067	1163272835
0435415557	1552481170	0624713140	0506193797	1416420412	0921637489	0161731812	1659750829	1767092120	1965906477	1954249844	1462230890	2059195609	0054145411	1636339996	1290729290	1554858683	1928868485	0079492283	0291971947	0172379834	0232430235	0182205752	0020393242	1299318421	2030979051	0412341092	0287004375	0434259463	1449362135	0522395024	0980019432
2134504781	0907531132	1446874530	1662890729	0852300245	0894292225	0131380222	0494202038	1734389717	2092432888	0327345344	1987576641	1092476202	0262345164	0451244057	1294108442	0366207878	0167673244	0585667044	1388454307	1194229447	1032150867	2134204850	0161558109	0887808155	0675281729	0008944908	0013213466	0887907421	0196161744	0503033263	1984416649
1669581833	1640535529	0938092070	1835967863	2066833345	1720039190	1421294063	1228711260	0747397268	0874031973	1067224731	1062634173	1218537159	1549973521	1428329337	1358960793	1565462106	1899456145	1815016360	2122240532	0940728301	1045945693	2055611556	2093992403	0768310185	0170109884	0736086231	1895477697	1521233881	1585020432	2051243236	1690082161
0444681058	0511450246	1714729228	0223592256	1966147989	1718374734	1364069482	1527852249	1150781764	0951382666	1872715547	1209867997	1876255783	0581072333	1474557822	0932027974	0848437800	0402688520	1264983943	0497024701	1930246524	1765357286	0725838850	1466436990	1884157958	0248941444	0660704952	1977673274	0002827852	0283068330	0853144205	0046342416
1487905498	1928119218	0371463696	0455376843	2034366040	1502890393	0376179137	0250898791	1345581276	0034219175	1743540476	1270416817	1613024845	0275010187	0711404565	1535061106	2050957131	1176482720	1263137111	1669573982	1508583772	1575519522	1283238744	0215303587	0097441514	1316986784	0482929059	1247992600	0538847951	0478973058	1331476850	1351816210
1745539857	0514274932	1944586596	0113295279	1483242911	0873430801	1700745162	1416596164	1728017706	0224742714	1974542772	1075571913	1767284992	0912538887	1860350582	1697815001	1561504118	1949544886	1842896723	0408582780	1545564001	0331970695	0268955959	2037209625	2050383254	0121266569	0165244180	0562577689	2020204929	1867782633	2054244632	0594937205
0425744003	0063946617	1008968419	1201341421	0304013653	0693869758	1032819496	0486950571	0118068080	0095330732	0200812062	1351516597	1004911460	1735508212	1563625530	1096894371	1504067549	0833287206	1317209155	2072834809	1654913229	2065927506	1527988646	1295722496	1723809692	0367611767	0140515550	1560320797	1388821662	0925913991	1169940575	0830972093
1061810610	0261815700	0142477197	0169983574	0760677708	0740087765	0429782931	1374216456	0269352507	0112057273	0003428892	1794813022	1867154992	0095416933	1649592269	0683382313	0863990435	1950303678	1711011985	0024914918	2133199308	0441282891	1380515946	0918182234	0071319496	0370894246	1622048928	1618917878	0534968056	1841570850	1746955386	0682750718
0986191505	0641836989	0543915242	1893070662	1868385929	1456422269	1070466577	1861248720	1760434838	1746117547	1633576174	2083813170	1484632914	0612891105	1529230723	0696474165	1855415005	0349950948	1815357550	1414169921	1752340898	1002737728	1708816487	1779885678	0091387436	0497829247	0419865617	0050160877	1240270115	1743545023	1346838246	1832761142
1858564673	1746813496	0445489135	1207898503	0987224830	0829061088	1155804280	1612946845	1111547834	0824200785	1073070345	0525620909	1510377452	1657128224	0638642825	0546692069	1318561817	1184704926	2014799945	1220529719	0679191089	1289049018	1231814590	1365457050	1226387508	0346803050	0448243392	0254055668	0716121840	1361407092	1878220106	1383194289
0835936448	0745862862	0855074095	0269748941	0332472570	0114034496	1022361148	0807154789	0196340624	1361985776	0866743859	0982460612	0213744101	1804447723	0588817527	0651530913	0260938738	0435762392	0939286074	0428756621	1304893462	1241412670	1619114085	1685135458	1057305970	1861742512	1469662394	0258948164	1339923526	1581179040	1913477302	1245400889
2077117761	0624043495	2136372164	0080382508	0221597993	0660824453	1838642934	1929595055	1553536038	1174010440	0513716444	1148013368	1667591328	0398372699	1743424394	1466910290	1248976470	2042365512	0658546536	0060913914	1577936626	1105316379	1318835303	1486216834	1464030781	0097708941	1516665079	2106576510	1815999128	1459753132	1217706196	0468880262
1353062591	1218628854	0943607739	0048536278	1852922133	1401924184	2096669251	0660937934	1598434454	2014928055	1226190842	1336404882	0425387801	0519710544	0959120659	0928661431	0101524421	1218928029	1676874670	1804679109	0182754735	0657215935	1319823024	0906974505	0681579129	0622648005	0157208204	0793398818	0927969903	1363915207	1082435971	1167390860
0927585028	1337772023	1928090118	2029863643	0993031659	1787671976	2106679102	1392779225	0868682275	1349163619	0113115860	0615231425	0060799670	1805321365	0239733092	0514755472	1431087788	0475606516	0584580278	0303047321	1632597010	0659389351	1341203737	1622848847	0030770982	1771819194	1956944256	1650056787	2048085398	0155906423	0389202021	0083178185
2111384745	1023626187	0593828792	1123999535	1794025733	1520090651	1698106645	0020713885	0245914381	1324464639	1609186518	0188757708	0617451737	0870361455	1653854468	1451200555	1355948906	0336801178	1997988801	2143473915	1327910980	1549781236	0344078989	1909590399	0342731578	0738490192	1496660931	0904310006	0996501023	2115214255	0961691347	1184541707
1419061859	0219280631	0367626965	0395948336	1799344746	0722428968	2138608685	1162368956	0276306733	1027616717	1090673445	0028179323	1163479321	1758342112	0933410017	0454114384	0143570450	1364417569	0935699517	0279035238	1788443665	0044070596	1960132404	1546169048	1911061036	1437407520	1464643537	1806364445	0590909476	1451179404	1000464049	0002315533
0262457485	0191539457	0125666946	1107936421	0256724610	0475873447	0775922301	1405408323	0525051308	0527028033	1537590403	1611178870	1461963067	1852861742	0386932647	0596515013	1174159295	0868038782	1271395003	0873527771	1183036305	1887574209	1831297179	0876058649	0769829911	2089824649	1587829058	2011180184	0512748708	2063143592	1983386282	1532072840
1219294350	1391180776	1920837343	0391558450	1032974742	0948686446	1654502594	1606836002	1485824589	1314020007	0012431901	0637046348	1631990541	1203883103	0072390087	1184448007	1991729606	0024398606	2045478112	1432407208	1176261986	1848228067	1965651861	1969886026	0119053183	1619571324	0780016743	1501218313	0190817988	0884839345	0170615940	0651434835
0793639439	0677119756	0835893639	0026371999	0852555911	0896303393	1720826093	1761870902	0112241431	0951088751	1227853436	1362334829	0290826689	0251381451	0867713308	0096120779	0594230109	1426483413	0399287183	2080771453	1902102823	1200576919	0339930421	0904084727	1505204164	0609022688	0937255614	0662553753	0838216976	0419991312	0015233095	0472073672
1337613286	1407681006	0067328843	2019465979	0185668218	0232000835	1555214540	1467306143	1459626900	1243608619	2019206929	0126782162	0524018910	0355384023	0787252254	0701883811	0433538506	0069656071	0330997682	1095395644	2084766624	0329465116	1107362646	1350706420	0273168503	1970476282	1449551187	1552308341	2014943431	1484615274	0316415625	0827899403
0958717308	0591992115	0319740254	0870364184	1699720771	1379525803	1456718009	1746001463	1830036033	1154814297	0006688093	0737629407	2061832965	1430514763	1582193576	1784914678	0861928203	1650108806	0774885084	1152771380	0031120426	1202473561	0004537810	1105045025	1053155919	0831312059	0333168231	1068590688	0397953355	1137960727	0216578507	0050185484
1653839964	1207431827	1733735886	1840913506	1436393013	1593693564	1791684764	0830130314	1946416486	0803485451	0802802621	0063897046	0175828622	0214151682	0064727002	1239997232	1452167736	0431490797	0013549260	0089146238	1484720107	2078343856	1903669337	1759173953	2029259822	1582030347	1189008522	1330893919	0144429481	0769766057	1016630471	1128430565
1104419298	1273980465	1377714665	1081692701	1560153852	0730460694	1836357806	0030670758	0087354426	1434506881	2105727745	0435707655	0019321315	0463310508	0084003934	0957362659	1446726489	1322249289	0883021067	1823072299	0079453897	1794302092	1869889070	0949909292	0732038846	0443071059	1369484464	0195657902	0624895357	1421231269	0173332502	1211535782
1989430867	0044197879	1951894138	0524585794	1293068823	0073200521	1920510363	1338456531	0547714192	1317513902	0752266697	1110146590	0895812994	2068624688	1762369933	2057004507	1882999743	0110174762	0576321220	1079496570	1157002134	0270442553	1252591219	0518426192	0847853065	1312465610	1804968933	0758859409	0244707530	0368272705	0511482281	0105657826
1969589160	1572077262	1411233393	1790238683	0148167064	1310297775	1877388087	0284352838	0967033691	0779004141	1662285675	1420575902	2043481215	0082814034	0286066182	1845918888	1809986054	1329749823	0242960832	1076290477	0959288258	1598014177	1393783457	0566940323	0181066922	0207430255	0914336704	2011489843	1422220227	1762364079	1958616329	1835300287
1584301748	0709739483	1467315343	1614251300	1560686549	1093564585	1374929069	1508820963	1267021365	0380237903	1894585896	1565120003	0444698318	0801539066	0302164631	1829611709	0465651770	0778888722	1869922189	1506540325	1591044145	0212572571	1441895836	1737842904	0000604681	1572938979	0861725483	0390477413	0043855059	0485085692	0987301432	2116510902
1279601006	1352866784	0075184252	0901338928	0453716958	2053966256	0211239067	0504530578	1379986090	0602827030	2033530311	0341694972	0496122326	1796415428	0881505223	2116085955	0579967718	0089162693	1761279292	0906470396	0798953754	1947982434	1352569723	1524930966	1444902264	0727270772	1910429927	1567776792	0000194454	1120704731	0105346080	1025041432
0757531390	1547012314	1051447169	0029638220	2060841083	1939823165	1658689048	1101608029	1269622616	1149790520	1471413934	1779793533	0690190068	1465295429	2025295054	1518167628	1590113789	1755948455	1505406111	1855662270	0210766509	1152182860	0877283021	2020497292	0339076633	1586855340	0678287287	1131234333	0982707840	0073937803	1427107055	0143420042
0983993960	0214920173	0095853357	0394635849	1215212207	1502080079	1789617268	0441463394	0119262573	0843821760	0130315532	1927310031	1803843316	1167967313	2026096011	2094950045	1831013750	0407434740	1577808544	1100125852	2128477541	0539439861	1837269840	0326840667	2095404890	0885659077	1062949782	0080526681	0497229957	1085016822	1594080677	1855442014
0803891211	1179960000	1723723602	1068180784	2098631415	1426773577	0981106237	1073083593	0748280045	0678479483	0066505211	1061584837	0762216183	0827433326	1715295757	1155310571	1905114270	0274359120	0506339731	1721649503	0568537243	1250697598	0904592750	1453612137	1085218287	0685135638	0267352652	0860232640	1070068876	1619538954	0235974153	1762777109
0310476951	1948336894	0867528002	1276650131	1149634540	0997341721	1212440012	0006955301	0933626969	1952943001	0972957059	1548802355	1071895198	0102278103	1001159521	0953695202	2084802453	0931643119	0822630756	0455396706	0220719834	0933991669	1640004960	0610753475	2109305312	0434334108	0556437003	1892910383	1322060423	2003717499	1788937086	1894546402
0901344345	0544760477	1066549778	0456117337	1594946816	1380254658	0821682112	1691406174	1222531079	2103793904	0145896673	1806541884	1425643102	1308565735	0684279218	0905887241	1735285904	2122262268	1306045253	1272211184	1706179956	0417382101	1259380405	0807642003	1942495381	1473466773	1922120254	0478607157	1624229684	1763661971	0149967056	1497992261
1805136846	1433489553	0039881578	0274783582	1197821624	1276327590	0023655247	0289261634	1864789477	1140395621	0337652672	1276662930	1364747333	0035592124	1196374202	0571826153	0692833146	0790350788	1239337221	1096781094	1747704657	0390846533	1952687605	0975483781	1065746069	1980565703	1371241821	1814269590	0308695377	2070193734	0216038644	1714126278
0827229841	0442807009	1226563408	1155670703	1515401853	0202889951	1914858668	0839699134	1708300701	1701004964	1488121084	1256505826	1886716631	0302885615	1062287915	1841429894	1525391541	0595851701	0763292746	1741358491	1105016921	0580811991	1393957122	1338244331	1276236086	0633231166	1934736077	2059346912	0449611285	1769396849	2046781134	1857461492
0385519605	0469838236	0273862433	0748455910	1486758891	1984448192	0052241387	1847663333	1064102111	0120367361	0084640853	0924642057	1267382307	0004139156	0847318188	0912722459	0650677892	0956600320	1518996798	0493588450	0011750789	2074498846	1705095677	1521257771	1986539662	0843839325	0425530487	0770350499	0101928930	1575059851	2147482835	2133836363
0410848041	0963099982	1237150035	0843967991	0440536302	1717496505	1636060208	0883299668	0063068365	1280572584	0502309054	0550054221	1991675659	1265195024	1897179421	0057338091	1608621581	1431279784	1554999641	0002982297	0731341798	1612687205	1042745648	1959546416	0287403320	0696877137	0038230821	0447798094	1359866770	1759832016	0204422781	1907328714
0985297429	0647487186	1017495753	0638839610	1706573917	0596233687	0740880507	0868495843	0363284642	0428969673	0590691132	2076439090	2102521880	0241825775	1326740301	1201532106	1361372801	1301891269	0175678800	1991060622	1665686400	0594502508	1709726112	2035567524	0221395511	1552676773	1764729114	0905570281	0703106478	1655549952	2029912732	1818070482
1913261458	1912678075	0697694582	0892127054	0248573224	0914482353	0164445292	0020568955	2105043165	1814873477	1868289598	1984870799	0712546295	1396764393	1275407794	1744513051	0436615666	0247876663	2092283508	2111682978	1741060924	0398775646	2073303682	0945327152	1029423158	1386756274	0572676227	2095124982	0476212615	0033867936	0135233897	0838408353
1488980904	0675115037	1502319758	1522934927	0109729496	1682670146	0424996479	0385212631	1752977159	0958958120	0344352105	0057400070	0502818987	0530563564	0829717804	1455811857	1548690328	1336541056	0566580572	0577182806	0527786943	1407688891	0199852038	0248778758	0073924997	1211876613	1275326543	0378927494	1345378303	0917819258	0413232805	0241639237
0339079782	1639780583	1134616530	1992717997	1603900614	1542882354	0358686153	0451576342	0436371496	0439078767	0843025877	1786295480	0446747300	0879041188	1505239003	1194561761	0174901324	1808923372	0649122625	0587031615	0700478987	0444981655	1268616731	1423750501	1711875433	1651983572	0071822541	0235636973	0390760143	0500730875	1942887179	1615964818
0295012517	1883115943	2063148162	2060194272	1806288923	1469094869	1457973724	1375966998	1773424490	1019866717	1832925912	0332886769	0633026148	0636482198	0740256079	1111152682	0625332062	0170997616	0623812426	0400279128	1572521892	0294195215	1031623111	1854144346	0468821605	0367214392	2051768513	1928478112	2108427860	0719383873	0351820901	1031402916
0300810628	0547719758	1411061664	1051473027	0464233626	0566462631	0742432066	1175744192	1735598897	0940284678	0032424873	1651477820	0161583265	1310605047	0599257650	0025019120	1737038675	1516313407	0490992500	1478775726	0955380151	0338969238	1929351222	1750402101	0629631254	1560557209	1067230852	1165509820	1525200453	1679202979	0134379179	1505548456
2100571038	1813762633	0378203666	2064902989	1488800603	1939763424	0654622061	0674255646	2090920750	0682645742	1369343520	2121779388	1780215681	1342780563	0207276018	0469559092	2024740166	0782099600	0000573913	1055821203	0529583660	1540340452	0586612179	0093469076	1124214375	1109874319	0614721591	0081954220	0867557813	1777683608	1735902592	1749519249
0823923219	0702985877	1776092592	0765500444	0191433131	0486129511	1350898189	1348746439	1691506188	0755982730	1288487458	0383610258	0591697912	1817521374	1274337890	0942505699	0853902821	2058983293	0780717693	0397183081	1076867491	2067227968	1910017010	1070331714	1742089926	0513343084	1315402789	1778012505	0821223530	0426469441	1518964848	2104088447
0801313580	0807388723	1980585715	1707583505	0384510027	0681729966	1010281817	1800785137	1308760388	1808328542	1389233050	1397661166	1315086076	0749984408	1406421013	0365462962	0532771914	1438234255	0327193153	1577186151	1376984936	1702039280	1692000920	0481008866	1187563554	0667636860	0370650445	1819452815	1523812072	1967003629	1066730685	1349137639
1823953647	2007367851	0863377387	0236740530	1758373466	1460376695	0960511302	0678878215	0325542994	1760251249	0808020871	1867678916	0311073013	1228932693	0174054405	0459657621	0966957888	1652466767	1750429965	1097941502	1923329090	1468160986	0794587672	1581686258	1848355640	1962287625	1261746396	1918147094	0273700094	0167507984	2103109518	1528323053
0473650004	2061221446	1890133165	1889997731	1761242140	0282056732	1031085795	1413408922	1847132587	0733788677	1935193265	1153371040	1519671458	1095180835	0621955408	1401632307	1486059806	0972344832	1996521401	1103202232	0146105026	1013363461	2054368317	0526227353	0965463525	0159027943	1312981133	1879429406	0233062919	0078307505	1854244571	0005819533
1172127016	1071263981	0230832219	1241638251	1115486658	0452022696	1495792233	1336488249	1826536970	0328120925	2137864626	1541871225	0544510226	1155548515	1609271784	1621823370	2122931866	1822560604	0069330620	1303593666	0870577768	0994459765	0020045754	1901538546	0306707968	0880065376	1538897543	2105444380	2115643041	1725846708	0244001327	1384020766
1841633505	0652514324	1756741886	1955699046	0049165140	1684787532	1652164629	0967363893	2033741861	1749732175	0107603207	0305869275	1816537654	1920825026	0184546631	0708840949	1398039934	1238588911	1404836806	1656983324	0350792172	0921423789	0865043206	0316873052	2073424051	0820885288	1184087088	0220731267	1126146100	1364121689	0257811651	1565902358
0708836921	1330341338	1594618849	0163080583	0706224909	0379928594	0990996827	1947988904	1461311013	1631208399	0943324391	1728757383	1919075818	0850378833	0813375446	1667707767	0207879325	2019405253	1312529983	0739402297	1794024137	1493266679	1839175111	0136475659	0233865817	0687712309	0623789209	0010071009	1759723797	0533069695	0000588581	1302346279
1380580929	2010351515	1617694354	1446036658	0465677907	1218173281	1876726916	2056953723	1029473055	0077891506	1305000319	0889874622	1046654246	1079359945	1008229406	1665651812	0013181992	0358923903	0152473298	0670728615	0794169202	0990911909	0520772078	1620453421	0573035493	1690857703	0594313570	0681728793	0990567206	1169799698	0610736001	1815619794
1526737535	1743136389	0921377549	0087887526	1804383993	1665191064	0859324944	0846807733	0923439862	0389443765	1998685946	0975488048	1137461538	0416643572	1731825384	1943361097	0991170056	0564481413	1803839492	1103697345	2025018276	1161327076	2092782396	1906559006	0933716955	1317854056	0026784034	1335177215	1266825002	1374932256	1562384872	1719991835
0625398578	1288932028	1413047307	0064436576	0653774744	1465784356	1652756555	0178445940	1253742368	0538434612	2121919073	1980417829	1033407150	1773716761	1637098120	1147617476	1456285425	0918013116	1523920564	1642945026	0632318856	1633927436	1545022663	1971121164	1550664726	0160509890	0450260598	1944982205	0319844801	0480001966	1444464430	1958529322
0372973638	0063168273	0812242693	1956880919	0585551828	1599502642	0640610948	1412680625	0344063143	1643266677	1743339919	0047138965	1990602659	0411153200	1796940001	1108069046	0338269338	0903550157	1110620762	0275287210	1072362832	1519351800	0017656123	0393715975	0787275418	1091201159	0307533933	1877157249	0699625866	1138962537	2021613648	1921802749
1584751563	1827329247	0759018582	0772444494	0935964543	0438359926	1646367072	0164587509	0263326427	1910945769	1647598698	1537172868	1036119066	0108248739	0417907364	1497541058	0664218966	0908164456	1353732763	1744791423	0820246576	1186672739	0728094684	0725533382	0627403608	0627732886	1866940938	0792778649	1242207755	2097205798	1088748775	2039988985
1518446540	1982820479	0612556407	0198928731	1910627185	0588124704	1892156634	1538702862	0980924460	0165441201	1726425989	1390042506	2117286276	1426409942	1311943733	1623716782	1733252645	0161532960	0465128912	0581148904	0614002972	0889026569	1825813004	1045326245	0234483608	0333507411	0326738007	0369998270	1595765825	0112953392	0032115396	0745065175
0333250568	0304945000	1314633258	1729406870	2097585592	1029495592	0456670865	0160673677	1055545060	0183415553	1026165826	0327868525	0043261473	1246104025	1009822631	0525696976	0641351874	0980522025	1991650744	0846448619	1330261805	0257907718	1033016780	1655219112	0764452146	1900041468	0915121786	0173977488	1314397249	2057770901	1878881819	1767186445
1403743105	0455019793	0328393984	0284716298	0633254970	0187326258	0181391704	1371074035	1141773935	2028139600	2081812016	0063492341	1963886275	0212969535	1671218843	1236475188	0239232697	0694551295	1749993620	0206742028	0084723750	0170408289	1456411772	0894043498	0245992827	0495422914	0778816179	0650691988	1193511792	1855425164	0520693261	0295776102
1831787156	0521167500	1823860034	0434014160	1621521908	1351227326	0438101057	1590523083	0045018125	0705383131	1264551277	1815141827	2083480754	0192684496	0042984596	0887599580	1464728998	1095223825	1344488338	0992563032	0353908928	1765134353	1273971213	1222216301	1108287352	1859854633	1952334746	1487433509	0437851036	1683387430	1742970432	0279621897
0911003243	1820585638	1235815410	2035245733	1255505115	0100152383	1781405480	2012379533	1342854528	1450405773	0882949714	0623842428	0904522742	0276987681	1734891518	1936267707	2031648558	0927327006	1296163563	0546888173	0319514451	1370260457	0352870371	1489976030	0220328543	0800014773	0453175944	1551078546	0673131689	0380444627	1074028870	1603165055
2065244123	0779788800	1965147606	2084806829	1005190551	2131223355	1591179172	0334487713	1770288192	1995197406	0325654737	1490832203	1725126272	1020535357	0185856510	1249140832	0509830352	0258974534	1783124116	0832723727	0436752190	0394951884	0084361511	0524708357	1205501517	1503270421	0320858792	0342279527	1730803623	1950493146	0600433367	0457941916
0048391364	1564836182	2116969712	0400886088	1036280377	0671919069	1474776757	0316701225	1333011309	1371664859	0334334668	1345544524	1564011958	1149138826	1255811111	0948059861	1860906734	0307643430	1569989681	0684997878	0099503979	1621097687	0663795920	0240481275	0204565271	0007190850	0597531718	1082051054	1140541782	0646696952	0620934797	1428092406
1671828770	0750100042	1202398004	0882134958	1962623865	0470481135	0341647691	1848954206	1284968152	1364176432	1177877252	1078716318	0928208652	1081602356	0041725437	1199750737	1486675076	0575769487	0396454627	1718642995	1577764815	0365172549	2094251564	0829061818	1168073390	1661448503	0235127980	0426049380	0901450562	0182465949	0098556927	0736380252
0394637703	1246372385	1225181857	1558263163	1165905376	1730859204	0737159366	0604304819	1100926270	0548717338	0997519548	2053694754	2090555894	0992961891	0615081200	1830935389	1237905060	0648771284	1124494369	1520766183	0166871087	2136199874	1479671772	0982839744	0143364684	0053592054	0926003485	0526582586	0493413615	1368266238	1195769990	1154253304
1315496977	1213546574	1425073659	0327871822	0098674152	0559097180	1505348635	0889663138	1787209952	0783892675	0072014380	1312391399	0557704656	1723517884	1905645652	0615361806	0104629490	1866215184	1479933053	1079222217	0840918557	0728306592	2139587491	0433292222	0225328177	1077001178	0019138083	1678697578	0230039160	0797597520	0628594066	1308407669
0175147603	1653167231	0638226531	2139973399	0476797037	1266313902	1374809144	1640725135	1977316465	0448389930	0569436187	1326863877	1130990291	1176061240	0621773692	0495015142	0367843116	1881314546	1851839841	0391711716	1461432757	1529876160	0806915589	0471073518	1707894184	1311124686	0742895735	0378694487	1724196948	0433772418	1853531408	0904590874
1422082205	1590111972	1725410136	1496470311	1995526960	1569501521	1070427346	1201893303	0989559839	1418851705	0982189647	2102086287	1510748812	1456124803	0365922809	1818969502	1990705069	2132358070	1334981354	0122472822	1111385528	0243807490	0273685954	2077340651	0075188431	0971575381	1949260326	1355264097	1712118197	1437150826	1445354773	1890138594
1981242934	2016045003	0671383055	1055924047	0110599121	1266071992	1603995068	0982887085	0939024871	0333685094	1165572541	0431868653	2069207758	0824609188	1494648625	1443221416	0394545847	1850032240	0076132767	1810645004	1667304238	2015702010	1349150645	2042545489	1535936328	1728427756	0674002123	2124926983	0994753671	0664756602	1354278120	0173188287
0935197924	0438696275	0856933774	1460602836	0466295795	0865598662	1062487456	0900148187	1915769441	1114675416	1849863931	1542330698	1824421996	1288974906	2133697853	0230394118	0320925685	1466550178	1639025027	1320888720	1638258001	1314384620	1845515298	1469299865	0608374202	0775569647	1920803486	1970007498	0013149440	1959306086	0543144304	1820817578
0839063696	1765912470	1466881750	0769304690	1852369890	0710310671	0329853824	1197927061	0900923602	2063267464	1917819339	1207572750	1954745100	1196063894	1798930538	0203286053	2129694041	1657802538	1234419988	0057224649	1849485534	1625063260	0741188274	1746168518	0342762124	1251876814	1396323239	0303383457	0839583821	1917718757	1664574723	1237899992
0563593408	1911524986	0645080582	1371891618	1997989534	0008309799	0076354738	1246344307	0753274911	0875330112	1410210434	1777235946	0654498299	0741671359	1275443525	0197560321	0386596785	1394133320	0004636823	0621672869	0947966628	0293939703	1032200221	0816213881	2128644578	1199347073	1144745169	0426061910	1112042272	0544285663	1676285468	0491895683
1626186878	0298483177	0084956447	1933863121	0272477302	1090879310	1340668731	1220937593	1091878466	0953614447	0727553168	0214208558	1020641934	1977096149	1040506212	0828567563	1451064193	1211596419	0861073279	0166303020	1178632393	0885469223	0019557251	0133719566	1156851000	2025300709	1613211213	1259813516	1644487639	0789211783	1423433009	0670754683
1232294078	0834277278	0777480083	1817246633	0951733197	1321639123	1365379340	2067799185	0773042894	0255855108	0894538862	2129124634	0677713677	0080505651	0143778747	0570297954	0778196317	0970089589	0599874299	1799104275	0975800165	2088244663	0802808120	0156318739	0876546092	0372349824	0316144610	0567917592	1573641476	1931174327	0179073131	1057523270
1218936318	1816187893	0337359193	0639128671	0122371203	1550958642	0805388808	0580269015	0858094078	1634479341	0083471763	0603099250	0166280910	0807029623	0240159309	1235733650	0661105413	0118286713	1622411916	1277206253	1906442406	1121504402	0660514695	0927507522	0035128681	1997222289	2145608613	0698558267	0375695320	0709321060	0877330923	0678102559
0173994484	1600049021	1233668213	0307044106	0087085801	1214693800	1379148218	1553097855	0251919700	1324129663	0274212180	0184202798	1372490659	1328653386	1142496996	1295723945	1748163035	1652354638	2013361509	0667055984	1345285748	1509731020	1529963835	0132985667	1707112389	1056398003	1633926672	1532182115	0908395628	0944073273	1430315275	0376882407
1333339446	0444212477	1225943967	1482144051	1732243604	0382450049	0419418072	1118206650	1069771653	0919079287	0115703738	1160024031	1667341551	0495337954	1498377106	1830775820	0703512524	2037514133	0725798269	0784392123	2023785975	1924880639	1775241265	1489633084	0898886062	0030587389	0833655290	1061146002	1976650926	0000094192	1583084944	1733751125
2097035379	0372000289	0883960806	0437396496	0486384591	1343060455	0616453568	1274004248	1777435546	1861691852	0618219774	0893857432	1413748859	1118002805	1938716032	0230973893	1475269522	0008667992	1801537195	1063697312	1906845156	1448072711	0325882326	1020953232	0766630694	2007675705	1742512271	1169244558	2017916256	2056761168	2088168464	1669615174
0053414069	0082093237	1056532885	1753404799	1703852659	2104690715	0186213621	0808654468	1779125460	0199305392	1798717671	0920597678	2012981158	0716947668	0208712759	0994544962	1451951733	1096095670	0965201724	0053905830	1904669423	1387750179	0097368386	0087924488	0278120680	1449852888	0180546107	0044027138	1229733798	0753324258	1704705141	1399970160
1467642588	0671807074	1739960439	1230277074	1294229402	0251698951	1908968514	0628128618	2075557721	0174254979	1683221192	1096492013	1184087584	0229067539	1647432549	0892190272	1311078150	2108248830	2005393957	2047879281	0986665298	0014941352	2011200012	0845997904	0197545741	0141550725	1778637846	0593911482	0366286718	1492737124	1528878814	1224390543
1143550647	1824567126	1580691169	0156280346	0231274941	0092532317	0412491391	0665596021	0430007724	0857345113	1931526468	1802539624	0731652339	0389498851	0777032701	0740548300	1727543735	0848646705	1766271208	1053740375	2064329463	0439483709	1206435130	0014634936	1156233594	0238492655	1141567283	0702423083	0907148422	1457118501	2034619566	1468934581
0911496955	1528468634	0772946224	0778606065	1414273284	1342079192	1304235503	0920513992	0606470556	0993246030	1095638079	1864404375	1110437248	1485934706	1017272779	1186282886	0618286254	2011186792	0623809364	0348816094	2069219195	1016830847	0201182703	1138428943	1643433878	0258519832	0583398543	1916463646	2044760616	0110870171	1526642048	0138286380
0601882606	1192981672	1535632912	0923882338	1383686956	0526256129	1449101757	0441189272	1954545060	2128958908	0039840442	1730894477	1329992677	0029640716	2102791355	0475924806	1639113014	0652202582	0812261386	0123570523	0233093412	0590803356	1815104211	1451268642	0352803468	0365537309	1782321943	0235503998	0303332965	2138448424	0616345976	1613189151
0889017482	1673087795	0435696747	1983474206	0862327861	1924709871	1052627136	0533990766	0448643349	0533682026	1702101110	0583694083	0441153485	1353072951	1392749374	0366976518	0201303842	1026928469	0260707544	0845052128	1481757685	1681041183	0964302749	2124702181	1511473751	0755272694	0092330641	1317890153	0633466313	1591884412	1450038158	1146895350
0056931978	1225531331	0989421740	1245305459	0473225751	1373252216	1243240003	0118845111	0269988867	0069941558	0834210397	1800894763	1003760923	1725785676	1365720150	1353341914	1618243221	2080909739	2078791978	0845321203	1709133916	0672463940	2042489066	0587634967	0103597816	1706739442	1230728715	0295025101	2094615231	0498762146	1066713581	1061670711
0058016854	0131689440	1396261670	1416076921	1591035193	0062116307	0311719307	1353777716	0352832847	0859310162	0598366659	0082518912	1768401669	0353176403	0191004913	1879004173	1676106476	1778544433	1171402838	1784906217	0719724176	1776326128	0395572702	1928515049	0581744372	2032099060	2056463179	1374834635	2069152372	2041220333	0738875906	1536905188
0832188600	0032807289	1636292591	0493993455	0376218883	0918909813	1562321514	0655133929	0687286534	2057723372	1080061916	2068837768	1048638199	0063919664	0555969348	0475483739	0668550886	0700299898	1730000126	1331020949	0131939044	1296388804	0037546366	1829064791	2011019179	2101704967	1544354513	1478942349	1608329265	0813292066	0266340107	1022258001
1221046807	0779954517	0455385931	0039624409	0247511493	0249838612	0707021999	0891718342	1969285228	0758859432	0245094091	0422752491	1325211961	1284525490	0366807139	1649518283	1587383258	0961070525	1487804588	0232124848	1492017384	0169626869	1207987714	0339110460	0007902082	1813789707	0833236384	0463043801	2043910326	0852431670	0955668553	0891174358
1416480728	1935368501	1951078845	1854341872	1641157440	0653132012	1400805867	0480984608	0779859348	1003364195	1500429121	1959253573	1808041960	0867616670	0619409560	1563237911	1024632779	0331751360	0877559908	0231686160	0561439109	0063960045	1234652815	1822864391	0880111435	0165527509	1029520898	0881988807	1653747655	1803478111	1472417819	1472219552
0287429730	1140750007	1998850880	1600050139	1252458439	0434276379	1733669347	0722592533	0592678346	1115806436	1531564248	1261323194	1247842021	0155550345	0847050016	0700522949	1183850989	0547582668	1254473681	2092193968	0606784198	1969659830	0612344305	0929097711	0991631440	1876511360	0581587678	1546026649	1665244690	1760617126	0514864669	1118878120
1617749708	0228887689	0772177240	0739294701	2133141812	1622431266	1602421704	0309145297	1042014165	0402929870	1026386099	1882513189	0522596273	0067427278	1526312149	1036124821	0205090675	0247687676	1063462646	0110297341	0489022821	0586719513	1897431614	0000978540	1414070708	0084851200	0164976792	0363554867	0675673955	0158619543	0891436460	1526779397