0000067228	1129900996	0048149351	1792290985	0281468426	1880845088	0404110176	1536436218	1540144398	1586499895	1146774113	0166785366	0695487027	0296972168	0459231948	0255122718	1470162014	0066126916	1146031713	0574170448	1438693565	1604365382	0764303542	1549937687	0826067299	0231316438	0789972396	1322153818	1425923617	1728214046	1377145447	0104780363
0106970401	0407717068	2027927946	0672026885	1139356622	0055065655	2070495375	0990751637	2122047868	1997591747	1912638278	0028826403	1301534646	0624366980	1130733618	1157125423	0195077129	1601261781	0141689063	1956200965	2042466832	0213948129	0938579025	1430285960	2031668849	1268357843	1367587179	0520243612	1328459947	0038851370	0139946902	0592988449
2032740263	2095743765	0138680261	0779389632	1698781971	0633499732	0006073898	1152272277	0232630893	1407181111	0255528166	1842075609	1640505311	0430218144	0098906759	0173555735	0668445519	1076880376	0136302516	1618818710	1015735127	1112769486	2029153126	1936274322	2142826863	1190326251	2003128752	0483800845	0867714373	0114020234	0782659714	0824475323
1392263217	0786070407	0165934105	1420728929	0320438710	1871895941	0319651837	1531823312	1320444548	0615510138	0450161767	0283929588	0295921882	2134427969	1764035495	2132817630	0468871686	1208925759	1072447246	0790614251	1372392568	1827521596	1844344578	1120361648	0781601040	0211210581	0025766376	1411268385	0230865580	1802336578	1614025511	2060818120
1553884024	0580160201	1176740827	1306174166	1291368328	1557752114	1166639421	1183051637	2145259133	1267298848	0748927390	0820988663	0774027066	1764448383	0482291658	1272612228	2004075523	1363795513	1218222560	0557475422	0018265693	2048824377	1838508241	1813293451	1082596380	1715901276	0594850169	1110413598	1088449156	1299259746	1044828326	0455893563
2128944492	1945034377	1196699605	1745907080	0243740952	1302865435	1516101233	1219951376	1696398523	1377078489	1126900904	1165210635	0791765452	1393274952	0610431376	0990754713	0026262553	1160580636	0284783551	1763576141	0854905893	1737745221	0506330147	1560571215	1302629694	1848969540	1542686690	1365128599	0001078845	0952278739	1900628929	0051160578
0862375646	0580348719	0050195559	1823170489	1729733227	1140216750	1626335069	0641645667	1623333682	1736941886	2037064331	1755910643	0869899827	0337723613	0321484670	0123992838	0888490676	1408993941	0658990918	1087191247	1632419653	1973517546	1024467707	1852353550	0435684291	1774126214	2076323750	0164002500	1168498399	0214640178	1832428333	0560011104
1833283774	2052506109	1440352202	1563790030	1714162224	1431374263	0995424547	1202751299	0377513082	1195675936	1720971373	2056108215	1851405628	1683828413	0564637125	0125923782	1129611779	1629730173	1868583773	0486619083	0989200205	1816934008	2139895763	1319452432	1120885702	0999442030	0005111376	0007550552	0200592291	1952792694	0594230957	1440735749
1567613518	1551015630	1763186124	0742341115	1794614382	0676096159	0812168036	0702120720	0120300775	1113013598	1836976216	1834353040	0696306948	1192482533	1736538327	1696899159	1201333153	0165053377	1650718962	0292358741	0230775651	0290899875	1481418553	0276216953	1666167904	0097205648	1647754216	2003480247	2096410016	0598942583	1172138992	1272544613
0867670218	1519390796	0673061895	1354900516	2043863271	0061578285	2006601788	0873058428	1884723092	1157213994	1683689926	0384569763	1685712918	0025257955	1456171226	1146154170	0484821600	0843674482	1949981480	0590797493	1716564770	1008775592	0107981679	0224397238	0463094934	0755819010	0684329065	1743665770	1228749428	1388886844	2021427865	0946831515
0543448335	0488215654	2052965238	0566998717	1162494880	0245227754	0521742885	0756937494	0155336830	1553470705	0075958709	1032735845	1228511861	1691065569	1940433785	1183961153	0251625369	0672275840	1028576013	0033692141	1475614626	1513863626	0119712526	1963730890	1896381134	1672914011	1809876353	1633488763	0614696493	1807615781	0147277158	1386033162
1304234725	0907438146	2031542475	1291873672	1461134134	0805886693	0358287622	0195916766	0680655311	0128424408	0207960021	1228179278	0396310382	1441800927	0142707341	1890530135	2119421580	0807242271	1666650598	1767392765	0576396051	0189697540	1380822632	1777686542	1785214330	1603212073	0707992002	0014689587	2074752951	1680871118	0253503941	0033180739
1470415800	0036540924	2110470273	0686480812	1400855600	1316847139	0283399191	2118957738	1601384365	0054474704	0728316506	0158728442	0574235120	0378152222	1200283681	1853930296	1166250549	1089730874	1366257702	1798043790	0332097946	0260179869	0566352991	1047196233	1598600866	0516847245	0080294600	0891611884	0180045622	0222310331	1895670984	0474841196
0606748920	1376742484	1922115810	0403916849	0434672976	1956824185	1779507137	0171699790	1687832609	1291166240	0308742745	0718824063	1680512466	0668090718	1556190910	0697287557	0493708820	2034809379	0364154378	0014237096	0912187655	0252161652	1095649633	2058592453	0654320754	2052639838	1540451858	0311529174	0305696032	1052326200	1918610355	1617276780
0870321381	0980330750	0924375466	1081754664	0454082346	1752591431	0918478565	0756787319	1926312899	0077431321	0013121965	1497533761	0541578287	1270573623	2100979640	0091201859	1673803902	1733888861	0116997037	1421663854	1001337656	1800126500	0976466564	0403510774	0052221392	1511607368	0853489966	1562580249	0708725780	1609878198	1076405233	0740508703
1062036956	1918529275	0254565220	0690227716	2098045365	0166965815	1580809723	0001333777	0941953569	0164188499	2147099945	2141055074	1476639586	1560497170	0058155379	0312395468	1980597408	1904107756	0537747498	1311012310	1001675950	1043382817	1931027564	2007394684	1314359618	1425306684	2096839350	1372308180	0409212480	1391513666	1073268632	1710746871
2011594861	1039774106	1408963903	0154142252	0803551082	1905862838	2118123261	0461231308	1646111533	0164710830	0188498827	0561406064	1656056377	1951463119	1870384049	0679086757	1683024741	2089707350	1763868412	1472137296	1052436785	1629728803	1845558183	0042584413	0604174840	1063852864	0226240326	1375103892	0152103830	0903530880	0786632223	1018441029
1493707813	0663379661	1834350850	0659499618	1046977559	0070830595	0743869727	1716192502	1194518257	1591213243	0907119010	0962791017	0339342574	1761558433	1303025889	2065367964	0713700840	1473849385	1910229197	0341591329	0901678072	1858742872	0446836795	0235700006	1450155774	0976183815	2093799272	1817324762	0117363653	1140928025	0695832112	1801848469
2000312136	0389575967	2073121313	0027735016	0138462513	1414666290	1504880093	1604812332	1833741251	1151387460	0393897103	1684010067	1470212256	0910544210	0548068948	0837447053	0364797333	0082963546	0651430719	0724461827	1945131546	0682335341	0447401207	1131837902	0389473788	0355798860	1316966772	0146587375	0530268516	0165813362	1538884975	1894214004
1757182100	0764441156	1715332538	1773488838	2101363553	0101176709	1817383386	1102657221	1723523384	1998084152	1598554525	1885477705	0955092803	1951962343	1670907229	0294145984	0204197694	0271775152	0027262495	0786736654	0626129199	0683577293	1993535648	0313775442	1551500309	1319251489	2038603995	1863239727	0863551135	1009439519	0529184533	1274663904
2126855703	1198496006	1873247629	1562635583	1638724318	0561839851	0356779898	0625403262	1367656016	1677187071	0612751775	1334995060	0352829564	0804132781	0945059696	0829257460	0161261190	0192457816	0528141130	0918058859	0145239518	1499156034	2037316834	1704761270	0195846616	1649127908	1468801574	0823531953	0569429156	1208693860	1469888047	1904014488
1117675869	0738869974	1437206064	0226256192	1641763754	0106033175	1835628862	0664210832	0771456318	1507559687	1543592103	1550019361	0051278570	0697983543	1453727287	0873060690	1922740526	0166100426	2068602329	1386582220	1942317943	0638749954	0199725525	0269958414	1705601634	1434942482	0836939164	0418641498	0951229314	1442812130	2105610633	0614889918
0763542462	1643368009	1298943196	0019539770	1987400046	0271927684	0443384172	0189523714	0606812697	0301158876	2105756600	0920673640	1142190845	0445211382	0834671126	0954432478	1591298303	0189238783	0112944674	2033075617	1289587502	1692180590	1353238909	2034521833	1973819697	1807752270	0293764134	0228895685	0906566018	0258589061	1746930346	0261903438
1617089763	2022093956	1404404717	0837314442	0283487903	1462456675	1558996810	0611408623	0235475866	1978002088	1234237456	1284376619	0012215889	1301499958	0041365764	1597177567	0217781069	0934292195	0248494501	1738868539	0058582950	1056130324	1430013013	1739215914	1601947281	0925469328	0138940475	0857839036	1642955741	0812405861	0404278201	0065465099
0760291629	0693708953	0477653508	0628636470	2021091697	1739306880	0983329196	1927133507	0984488095	2077396177	1008413913	0471693667	1393320192	1370780056	0495836176	1282059672	1873476953	1121916757	1148514239	1495795637	1393699277	1299610710	0501029333	0516619844	0553333287	1268363099	1455924771	1298952279	0172197751	1467128548	0622271382	0269756384
0457567071	0190822390	0958823759	0233630425	1026446259	0746138662	1195477401	0531677275	0220505758	1630983631	1460615909	0686013706	2140139646	1123426719	0756641809	1628209976	2088436558	1880503738	1109491667	0625940368	1804861970	1108615915	0939562033	0771832240	1383229800	1432769825	0828314964	1500600094	0537829490	0541568207	1101159063	0166301995
1161405218	1258631343	1103058851	2031267853	0971269012	1095083837	1139193669	1611281878	1045734876	0659893884	1230955280	1955419409	1791757022	2044570520	1210893993	1940301379	1106097158	1556486074	1363141611	0965509881	0938133235	0380344371	1536509925	0631454300	2135720273	2008952353	1724298737	2144540141	2068102186	1570613407	0430542525	1255810932
0945051408	0689961044	1911056355	1358733953	2047929520	1831032171	0717036487	1701493692	1112237992	1686268056	0765527733	0650079354	1634390389	0735939146	1570903749	1015353225	1136593513	0860132926	1541659325	1278074220	1461978246	2107975195	1701377806	1312025637	0852793663	0597233963	0372650063	1067294189	0082531132	1973783209	1194498454	1258384222
1244663498	0421205459	1094048901	0924893493	1198299865	0724189489	1662914074	1244659660	0356700193	1433284974	0896489619	0555759181	1238174264	0878315618	0048002248	1467414511	1133484229	0142004266	0811366845	0121405465	0352185605	0718532103	1068508040	1156372066	0418307912	1787100353	1089345929	1338938028	0050299683	1425698910	0099047144	0385522783
0523250882	0332039309	1422151457	0606546689	0125329714	1882529138	0790651115	1991965816	1846896429	1059648465	0429866684	0634369480	1739026652	0568504494	0700285155	1482214525	0769216475	0369740385	1556459924	0923638561	1581494211	0768105358	1022549789	1830160429	1098054222	1670330483	1338194197	0433633948	1673749765	0824008302	2132975858	0980726035
1125479520	0898329864	1419985838	0716210155	0698233650	1362308342	1993143327	0162487336	1472940815	1672278736	1870227663	0198190902	0247353417	1888022574	0777033146	0748027415	0727494367	1373423798	1979535030	1228589886	0854948097	0299584202	1410014446	0630749277	1023816947	1652448465	1442828251	0229072633	1733047407	1007065188	1425992709	0741959643
1825665419	0712348797	0224899154	0308862558	0585037507	1545244183	1399240510	2089316920	1644362343	0830845558	1082620512	2121487800	1174463459	1685155836	1399799016	0738709027	0879653482	1058646026	0761743587	1474446942	1215951461	1041820175	1437507234	0993053088	0000345532	1512389030	1105981318	1757046841	0638626790	0277191824	0870955625	0902651423
1037983953	1386633490	0656529186	0515050816	2099967102	0253344869	1654624929	1515436700	0788563480	1264822723	2082367455	0808821026	0283498472	1640089858	2037634161	0595625218	1251760259	1584867001	1620012066	1745116596	1990461893	0192782685	1693247119	2098522636	1746008571	1949500189	1091674244	1816222587	0920461251	1867536216	0060197760	0278954583
0432875080	1804357171	1214393710	0630502882	1177623476	1108470380	0641038935	0015923546	1339065394	0043456398	0227241206	1017024876	1314744459	1450878430	0236961325	1174307737	1215419829	0696615739	2087365576	1060378440	1961138274	1271956962	1728438096	0847786503	0193758076	0906774480	1614726248	0953202997	0254763959	1882950442	1429056502	0695521066
0869065641	1349945040	0361556725	1452639712	1921540488	1471898230	1329421817	1172614931	0681716798	0788967241	1608382909	1714886774	0723984231	0360626515	0850985771	0276764177	0125943437	1459953364	0288038126	0628643344	2136623015	0001467971	1049868480	1413899608	1504157601	0199307523	1834533388	1579932137	0284131404	1540359747	0910903244	0139902445
1993283297	0367479479	0064634781	1837522532	0278867817	1122082565	1787765648	1533540759	0120805219	1001269318	0651569734	0913403285	1355902239	1699952556	0980169004	0353394091	1702203482	0156776640	2130037258	0983799716	1245228559	1328251098	0823693521	1137418885	1847258248	0698289457	0152772944	1411911643	0304684551	1232234209	1975542642	0700517827
1097765535	1113335368	0802513665	1649864495	0963717401	0876692933	0692822864	0617541214	0226717747	0809184051	2089892353	0578246539	1226078298	1592361521	0878874533	0851752065	0270965553	1452717631	1083641474	2100926958	1353259132	0226926147	0016795557	0962568742	0898533943	0554974297	0931530758	1081663076	1062246477	1144981428	0101899629	1082597944
1742187424	0004508323	0609457016	1794555369	1831748315	2015850460	1696666148	1580084570	0698589188	0895384567	1310503040	1032309648	0507869823	1668101983	0391016696	0517649852	0684808567	1212721296	0439528195	1954111332	1281743353	0852070814	1333212702	0461509716	2030347495	0535197635	1405137809	0273489804	0928131248	1928156975	1006045595	1469562334
0724723391	2046270400	1863489742	0770585946	1911603012	1956463564	0013517284	1699209253	1372377365	1572004775	0192944384	0115954918	1086638997	0940688491	0376859023	0940324558	0702688033	1065195778	1321759454	1240298810	0078338241	0223340876	2036171623	1784552816	1222564510	0518185074	1090350133	1036725480	1710314249	1182967848	0737017410	0365933974
2006619657	1173382711	0700893376	0967166637	0865943916	0422720493	0787421575	1400178211	0669388451	1892352971	0543571527	0411219951	0771340411	1706994385	1220588422	1665812410	0564868931	1874403577	1663300796	1301845373	1551788375	1865809457	1103330305	0151144290	1956411276	1282196515	2025913607	1176769664	1790837625	1624650670	0249239085	1368189945
2060997186	0268478992	0463276197	1654822604	0542793131	0213620261	1870552490	1362590997	0301274971	1909481618	0661932958	1141933646	0417435083	0002365232	1097748578	0828339069	1905732829	2080545645	0254431414	0588833921	0927064871	1185427912	1281123765	1176073533	0828382143	0482193900	1777077169	0133416907	0365028481	1820384335	2147483183	2139685199
2075470578	0857126225	0400159499	1709400936	0865301786	0367859818	0014541413	1731876180	0649605822	0118189006	2127734014	0927883454	2058450511	0416185207	0470535770	1259898136	0919212332	0204307406	2115704736	0615270926	0724692977	1535102302	0595854656	0812957431	1084580603	0704998885	1248979696	2096584894	1390633482	1312401673	0730379774	0476335366
2096943993	0983559434	1501776279	0978617962	0054834961	0340704964	1036927046	0803066717	0207591224	1472259040	0951104546	1493320001	0587874318	1978886426	1064920693	0993373153	1084710693	0743937868	0713954642	1444532305	0951820800	0646499097	1590553106	0549614686	1046861855	0273677114	1928766771	0517468732	1935692021	0946028544	2080300267	0425330662
1706859018	1092958900	1932599509	0509786888	1675958733	1442911479	1627885629	0932103823	2123231943	0423503802	1067594056	0827428507	1634302824	1411717838	1342371210	1917214735	1783411557	1368777320	1195590576	0286325853	1915242091	0841438554	0877961583	0540186944	1508591939	1712782291	1861160449	0276864141	1806038385	1553269997	0997626647	1706224000
1157629609	0078996643	0551685055	1483815286	1903402838	1575092554	0549638509	1447255016	1615267990	1468326203	1423906144	0032800040	1514458648	1530312692	1701257972	1445459246	1498532658	0150170990	0630543705	1863735637	0608375917	0804393652	1034551299	1676076181	1269376368	1306067678	1649108159	1136880131	1382354358	1751601660	1463266544	0138079564
1420893388	0937017476	0955135681	0525129242	1836864771	2108780572	0204963516	0258043624	1169705275	1171252287	1402079207	0407173518	1482417684	2036226141	0553353195	1602956855	0713510370	0420103742	1904844105	0028663259	0707057085	1481408744	0111357090	1120355093	0671431155	1864340747	0041041452	0441433077	1757208401	1206482063	0803437867	0003058333
2009278850	0769282875	1485725185	1790820626	1338948477	0225916026	0219561086	0786266856	1320168801	0275997603	0127036101	0497004389	1588862740	0056920735	1036570230	1248511146	0664115985	1324846436	1583597756	1762647821	0285017182	1395245064	1509849055	1366294433	0267898060	1436970308	0558872394	2022337627	1204815920	0717859877	0507823893	0896156473
1399025300	0619766097	1113104329	1214408486	0878843114	0323692932	0731030273	0671853824	0378204042	2071222421	0325311877	0023351477	1626250185	1362483926	0649216321	0014296640	1912943663	0866464804	0587350521	1765364835	0852714893	1420830220	2022836547	1000229772	0359789288	1812097111	0303062823	1893139124	0871543116	0039194425	1610704993	2087446916
0279976173	0422869034	1136466515	0873161187	1464309958	0494869486	0067286371	1305639075	0888028479	0083299903	2009615524	2132795499	0096915969	1074086557	0425226817	2109019750	2077344515	0140130679	1534244841	1216893158	1836536125	0880194544	1562340472	0973761035	0028841458	1554564031	1271619615	0353614361	1109314078	1936169339	0378377582	0692941907
0470813268	1628839728	1935260187	0130645447	1029740495	0277788292	0158375066	1077495629	1886925099	1659123644	1963412060	0832772618	1258463227	0425016886	0728193080	0231791307	0181161091	1790128638	0446124396	1147311895	0615352852	2101623259	0171088157	2145535013	1609046714	2134039174	1672008871	1629573902	1389620723	1470830336	0561196535	0281986121
1991810365	1381715119	1745330022	1282545381	1446853528	1309910115	1804437408	0415453322	1054646457	0112980461	0487064079	2025797036	1365044514	0735345897	0190102394	1742752869	0918007850	1435414902	0186967516	0594465851	1093631913	0359027118	1887207803	2115562478	0371824367	0074723399	1745717145	1346470701	2097883268	1737568830	1836693904	1384502550
1349042605	0226717209	0800141885	0442063681	1618351594	1754851103	0242080223	1308280543	0186024568	1926207991	0461726212	1374028473	1404889520	0395463875	0099459660	0876228254	1472897499	0944266724	0386678938	0627395144	0485478438	1145732513	1987966989	1210604097	1362986601	0507740458	1641348075	1709650810	0769966810	0095718848	0281426733	1180110837
2111357414	0564274070	0466509338	0159648569	1006424080	1388308788	0895975261	0500878863	0135154201	1646441328	1412608101	1272635922	0254816934	0625817620	1889319981	1107716125	0849177032	2089542509	1140869372	1857534788	1617405477	0885848213	2094274887	1221051479	0858476821	1624790001	0443491555	1994309795	0439962189	0658313902	0446001570	1230458960
0056220110	2146067737	1972604394	0709507572	1864554460	1485432196	1161521797	1070490949	0123385277	1414631184	0914853551	2108202784	1231498835	0353530059	1839934011	0006406077	0292753789	0427896446	1880317766	0131343910	2031389901	0875046101	0931804851	1393376833	0175261696	1423244635	1799720159	0589544318	2129289015	1292981497	0752996086	0484085631
1359145381	0372865328	0390285750	1117542312	0641661122	1883085867	1557660830	1779912880	0548571450	0693063579	0368270925	0481565821	1958371651	2017964435	0719021974	0711835349	0185313206	0707765092	0495980511	1560414370	0814019426	1753661392	1721443916	1408203828	0264463609	1696210820	0369837815	1046482287	0336728679	0779498108	1374454456	2121934860
0098266291	0146628294	1217994149	1013539039	0710340469	0830668810	0259500523	2033486651	1755384999	0625335707	0232259131	1601428118	0789831375	1099497518	0158002591	1259759245	0732354942	1460729237	0443233755	1956432489	1638723406	0546511867	0437390450	0384769469	0747204366	1926895353	1276801111	1539671753	0085206321	1838528145	0000336332	1357764630
0788903388	0535205538	1537963530	1439873418	2106801930	1309665774	1992765515	0255051993	0281486939	0044509432	0745714468	0508499784	1518438275	1843910624	0269347711	0031450901	0314315945	2045799642	0393910977	1917190385	1374161107	1486585511	1217934179	0005623249	0020665475	1579771158	1873524645	1923476201	1793171916	0054890214	1269342135	0730713647
1792771583	1916428071	1446851591	1277354956	0110726433	1258321129	0184259447	0177106755	0220896543	1756456185	1448889633	1170988498	1263544778	2078782310	0682831127	0190141921	0259599511	1549694320	1030765424	0323900819	2077503435	0663615472	1502659033	0782678911	1147119302	1673409595	1549222053	1683308543	0417116623	1092458953	2119924868	0676069099
0357370616	1963666100	0807455604	0957171035	0373585568	1757941195	0637648939	1022319243	0102857454	0000893543	2132875319	1438450709	1817651884	1320335813	0935484640	0962564793	0832163100	1751712436	1177595129	0632042351	1281675195	1854022955	0576086715	1433138329	0579310751	1932420206	1791208661	1418201781	0796335214	0887853594	1438975002	2039509747
2053828062	0036096156	1077705438	1118217668	1254951179	1527568266	0672846777	2034379584	1730524401	1552576286	0075844105	1254070064	1751053990	0848511442	1640389614	0633182312	1113646899	1743447888	1861773948	1998007246	0305995383	1788551163	1850789482	2065680826	1677005180	1850677032	0175733676	0765877907	0093002831	1877969248	1461991177	0177822865
1519139078	0737404763	0433724904	1054963610	1148403638	1784408277	0940781184	1934750274	0150472244	1398752389	0327918214	0878384496	1205634794	1595773313	0238804208	2082871260	0686337073	1132517874	1080344957	0383456914	0161928951	0678098708	0109270727	0414590504	1585649860	1892621397	0760040015	0759799749	1016616381	0891619935	0315358779	0245357857
0560900359	1746607030	1270382367	1034023695	1398570341	1563204772	0467665606	0265692022	0867311641	1935238098	1906879271	2021443516	1209877872	2042224908	0442898755	0621054783	1297213461	1012654683	0879354706	0332085088	0044075463	2041932073	1963671851	0904112661	1974690902	1417709176	1107057567	0518210961	1525432942	1291678308	0325135033	1346101663
0190428896	0787821042	1671569139	0681449119	0585053582	1815416708	0260954780	0705380286	1216735362	1331942400	0586380472	0494136821	0638287598	1018842821	1804175016	0300398272	0059703407	0560298300	0217736005	0176901547	1066932981	0454159217	0897078681	1866189627	1050396554	1699304738	0829710113	1326549220	0137517386	0562302330	1687213510	1623387582
0495355539	1793928201	2028353974	1389828540	0668643361	0107043576	1637569293	0476687499	1572792383	0545370158	0576040110	0649848094	2042570863	1962397146	0954982196	0092990494	1670621289	1930803345	0386429598	0731705058	1275547084	1938076434	0218668542	0817665377	0754134086	0283098808	1365387951	0065040615	0068439982	1367026329	1831455897	1396148428
1660302274	0297810000	1655772490	1475141604	0006233813	1692480035	2091043730	0602086955	0332508021	0709859453	1336167486	0730440523	1497343809	1644022317	1558479517	0507199760	1143771377	1239408942	0154712294	1794312388	2042933942	1622214958	0114416794	1005192693	0019740302	1062774076	1422403233	0543178627	0250200592	0348368918	0995983104	2000484210
1134140038	0426767894	0092613478	1776564318	0103864738	1897930202	1938296123	1763497918	1687695579	1135586677	1118109450	1583614900	2050787029	0465062053	1604933338	1720005446	0854158655	2063818037	0433881515	1539641040	1716496577	2010139488	0201640212	0237848118	1046252159	0763934677	1792874573	1499897354	1611780192	0830963686	0920514161	0609310939
1486922877	0445593600	0816158111	1191318188	1494744735	0911058539	0602461863	0191135836	1931943387	0219762669	2026788690	0851904116	0679003063	0276379683	0106203720	0407011383	0904898386	0147985448	0405361310	1089408886	0249572680	0532470169	0661773334	0606616725	1302424766	0552228291	2024048150	2036288570	1602597398	1114567512	0036321403	0568464473
0027652208	0894192104	0596130222	1149427899	1819293728	0997520510	2069863088	1101322263	0761720748	1090591869	0804615138	0462099207	1200504497	1270217514	0410822971	0541748492	1983725411	0789363002	1817487095	0698210737	0977209551	0005991401	1913228845	1364551384	1037244575	1844809326	0341446696	0618314888	0344954783	1596674628	0354819884	2043186316
1568897482	1655762108	1300651330	0810860497	0201149217	0575629741	0195227252	1976895395	1961401028	1393096146	1900206228	1536759459	0530404944	0311275111	0330626485	1299138606	1156311993	1556144648	2067245770	0061731577	0288013138	0208670028	0276365045	2007666501	1587820643	1869749279	0747925602	1163806923	0821897985	1024616391	0056318244	1647922228
0532290637	1939346304	0086537162	0583652715	1893365156	0375495646	1648367436	1572450552	1242667482	1233902899	2103928061	0253189725	1194603368	0874190173	1578608484	1659815550	0707374320	0370726448	0949351589	2096142760	0402138285	0607118886	1152310105	0868406089	1002272811	0337407409	1449494983	0607687713	2122650906	1395433178	0376513759	1579923451
0138145802	0386671807	0507544427	0494138705	0669951986	0626267481	0860199220	0508378936	1634829586	1675072184	1575067965	0136371186	0625471753	0371300606	2009290507	0965202074	0059788280	1986758811	0232109274	1230265166	1094091646	1643308708	0302271289	1474729068	1662675849	1535779379	1238069560	1266039137	1051801083	1682903524	0052413231	0440878147
1020434479	0637883611	0671484253	0609275186	0886022206	0723607944	0478821847	0937557220	1436678501	2096923086	0632175485	1371774686	0032713410	0058468238	1275649387	1509999308	1744112957	0154686749	1364977573	1757752157	1755454567	1794565083	1995011513	1496318380	1589506290	0135647350	1344861983	0829963606	1292038777	2088570222	1979510939	0823692449
1119401781	1828985547	0679165271	0855125892	1140301120	0896858012	0304889391	0380012795	0258679387	1117555781	0868034605	1201192164	2090418548	0832071316	0209098748	1039411144	1751112510	1832057082	0762846488	0683551226	1555427579	0752885322	0769958730	2107401935	0656531574	0555185932	0193512909	1081220005	0058003121	2048362556	0519133635	2000429331
0211788685	1152025716	0383647460	1216951926	0676766254	1337036466	0303001854	0868433141	1456935775	1111027331	0666041452	1473915600	0875621055	2005122141	1774435063	0824697952	0839021526	1057161280	1577421329	1034654288	1259528657	1151829720	1384509982	1473952229	1491244658	0067322869	1919060961	0600677234	0261647291	1606994428	2001006724	1326098248
1147965570	0864250342	2023593333	0834630192	0266454740	0801411185	0300352311	1434720527	1401508773	1557307515	0136714969	2108465340	1349310233	0429773711	1219255916	0745220538	0796952862	0531245295	1550152486	0141226798	0629364051	1364643682	0441013414	1146383301	0040859023	1670316168	1097601992	0512151814	0621080722	1733170234	0923934930	0120117053
0172681591	1009092840	1145001521	0439602680	1058497080	0405891812	1415621412	0377746371	0821596865	0258659845	0789113387	1917175084	1116997200	0069898326	0107610173	0422946837	0296617889	0947315736	0091816094	1259833312	1977199011	0621824199	1343886291	1611377338	0502647449	1942491692	1411465750	1400495488	1706895696	1709406046	0951185556	0707371424
0322053376	1092299992	1595750988	2011071580	0834924927	0925098591	0350414657	1018980125	1964359697	1727322148	1419401290	1629130154	0373999028	0117028827	1955958384	0112891612	1141262583	2023781124	1843349882	1582375152	0541695216	1088315679	1203395454	0466407932	0602801574	1605691319	1574490231	1163814083	0942236105	0617803757	0344310654	1508216760
1849599779	1397695328	1889246810	2025414775	1382834828	1236926362	1379663174	1618028759	0623930552	0238139163	1642878180	1656321781	2117140853	1129769228	2128491869	0780250557	1135962917	0999124189	1105608630	1935730566	1593854359	0199199035	0011175572	0996761315	0047490958	1464098069	1228618357	1333460194	0326140466	1064544918	1120173669	1917205281
1624518179	0169946495	0137490955	0118076513	0237064163	0755222356	1393783522	0568032778	1362088931	0452986297	0511165064	1216642648	1921181849	1886703498	0082159284	0019101167	1058250366	0554336908	0956352070	1641626342	2091516985	2113632799	0151964119	0702891750	0194100103	0212771328	0487437441	1858441229	1819573835	1410311565	1329461016	1831432524
1003318417	0731038275	0806343438	1592349896	0683493158	0579478703	0460222176	1865499185	0183556095	1240771573	1581615041	0651411521	0401801041	1381509919	0444017269	0092566758	0991341278	1294725920	0006742389	1650182279	2009745795	0027292902	1297787103	2063921189	0020073532	0220919745	2146412199	1319526287	0214683040	0405326320	0501331956	1307837311
1326558932	0300746970	1625303399	0482237153	0356546693	1000894121	0788084696	1807834623	1677871005	1370212278	1690609565	0718825498	1704630511	0145663750	0039288670	1047197061	1612517062	0330635894	1457275669	0381174848	0461951335	0862703440	1794615183	0689558566	1589059550	1217222758	0933672384	0568749259	0519083216	1153037198	0203756258	1442494888
1068691633	2094535970	1314106166	1460506214	0989853488	2059243154	0853234226	1559325363	1838431600	0525188164	0679683178	0969654253	1873116735	1510183772	0549432111	0125807477	1322357291	0550727034	0414741868	1982140961	2076799263	1713498550	1014423580	0544435527	2047566069	0017478508	1703507964	0606369144	1436298193	0000053824	0904619968	1911065063
1505089309	0826138350	1425470595	0556724233	0277934052	0460679739	0965825938	1955135940	1322460833	0143473781	1887185333	1737909188	1114639869	1252425502	2028187867	0745551838	2070144668	1538870029	1643016582	1834960548	0169275669	1747820255	0186218472	0890185225	1971991573	1147243260	1609288054	1895273260	0232744869	1175292096	0579672366	1567632570
1871222594	1887610690	0296949699	0081595465	1280413469	2123030543	1333541296	1689221780	1016643120	1341022308	0721055291	0526055816	0229924813	1023251138	0732831190	0875094785	1750036839	0933123761	2085460733	1257936844	0168032393	0179433346	0669205834	0970592699	0465709481	1748837499	0103169204	0945508499	1929838540	1350821139	0053767089	1720333083
2065786420	1304239891	0994263108	1009798849	0125992902	0143827972	1397622529	0665714017	0265682849	0713141030	0655057303	1546916999	1596971611	1051245871	0941390028	1430173147	0135620758	0897930239	1145939404	1170216732	1177375498	1235671428	1762823906	1096994130	1033233415	1001236263	0096014349	0952944746	0209306696	0239425886	1793995171	1006435117
1573807647	0429043030	1823602231	0396086433	1972857378	0666442366	1769626257	1607474096	1472852212	0183128115	0490162654	0416455886	0724870429	0222570772	1977935577	0116387079	1907517983	2018857865	0702514455	0295353979	1179616836	0251133548	0996174881	0928712955	0967488289	1976981786	1265890918	0708167997	0825153905	2059772656	1162639752	0532607811
0827638781	0873410648	1362033691	1672051264	0194589406	1994035908	0131710674	1753141508	1573688116	0567569160	0012512146	1985724063	0020968814	0235538790	0888082109	0984659313	0660089809	0228899461	0970029250	1733240373	2102761103	2114963089	1035311679	1570880959	0632321695	1681642509	0333370596	0174771949	1782001394	1290487896	1792717019	0999370923
0957499674	1602053947	0570721143	1448282899	1711028395	0300717788	1134841525	1479241668	0196532757	0296197813	0329549345	0375515802	1987129328	0016937552	1201595060	0271957032	0936636008	0986253946	1691282876	1297745240	1360329748	0951168674	0423635650	1136079745	0815168738	1742795353	1632036438	1975273982	0480116501	1221970528	1272547835	0921822372
1121576746	1876400303	0862536326	1133413832	1106325534	1099834212	1521851355	1225487715	0256367628	0918527914	1586195962	0333539476	0865654462	2000318056	0489073407	1436834380	0421814145	0586816268	1376109252	2016803821	0539935299	1574161718	2084947033	1214115532	0250132530	1351934531	1586677257	1980213600	1895897641	2136781748	0521809855	1882502284
0339315937	1313870374	1792517364	1938736632	0577198093	0784715552	1017206237	0067911492	1074629487	0960316739	1703825168	1642649478	2107494561	0065813109	0166844758	1693688371	0924710412	0268741145	0574314374	1710174200	0976647952	1304615243	0860353231	0949358166	0059198752	0668496303	1930407064	0168585772	0890139611	1205357075	1223117374	1220235734
0033152488	0995601243	2024997324	0809186812	2136296480	0955845167	1712042209	0160020510	0815185526	2024951269	0035140427	0047153664	0090165105	1428948600	1029495799	0460149914	0650991751	1936661239	0055806294	1633513166	1024837714	1628610258	0226041544	0181658465	1559558868	1467982841	2095471951	2012753304	1182372784	1473194997	1649348316	0878231536
0782319721	1552663913	1548591094	1816198865	0521765597	1138658078	1199538529	0067578867	1926652053	1482625305	1230744994	0568626254	0599221828	1570442413	1851613661	0885271750	0995595834	1934088261	1908921635	1987716912	1302527252	0127226846	1555371957	1965530015	2069503951	1507757645	0575704915	1458676670	0305478538	1691871836	0458977725	0277364051
1618091167	1672821808	0260220532	1249776032	0448218517	1983465190	0710795949	2043470229	2045655979	0126850583	1673970657	0241572852	1370830734	1347581322	1436737592	0942581876	2134209660	0242399779	0236607294	1666559661	0239014606	1324063152	1303845450	0807344162	1231648988	0729667883	1396485211	0878163214	1781515514	1714237324	0546096316	2043159381
1116200937	1719491614	0808118819	1366407305	0017454117	1293568427	2027594008	1501981860	0138850535	1493701103	0550604691	0506006714	0419600078	2029697845	0353948320	0279712050	0278721067	0803138962	1421812939	1359525604	0320822348	1877248866	0091949138	1348420173	0502920820	0094587148	0588297656	0503993604	0944998660	1950909055	1148164989	2068401828
0164245560	0958640525	1448983881	0607530987	1636040671	0554941309	0377101442	0719693397	1259023475	1251170434	0261612814	1027539489	1940186096	1316019424	1404378715	0400298828	1903619792	0926471138	1943975616	0581972654	1573867340	1432303281	1577044544	1144479734	0259863159	1685858962	0332335816	2110577312	0338001638	0699283551	1828125273	1252925682
1844778539	1971493234	1361594278	0729237493	0605371428	1847453716	1836019675	0790221210	1209003422	0230245640	2120423233	0462155066	2139326710	0345313249	1178961749	2125988222	1651111562	0448319193	1528043076	0063027053	0586224996	0028484916	2004596771	1534476061	0808040406	0048486404	1014622587	1741662520	1920016293	1624556620	0816175645	1486012127