0000504210	2031806529	1434861956	1631022329	2111013195	1221436278	0883342673	0785853400	0813664750	0087589154	1084613083	1250890245	1994927232	0079807613	1296755963	1913420385	0288796870	0495951870	1079045083	0011311066	1126525326	1295322130	1437309271	1960856241	0826795625	1734873285	1629825676	1326219047	1030750716	0076703463	0664914441	1859594546
1876019831	0910394363	0177074066	1818976167	2102723724	1486734236	1570071607	2061928160	0882973481	1023294397	1459885203	1289939846	1171575257	0387785056	2038051194	1162247908	0389336644	0198303299	2136409796	0712863532	0286115711	0530869144	1670633570	2137210112	1278872662	1996491058	0593227431	1754343443	0299773191	0291385275	1049601765	1226187897
1286908267	1759434532	2113843781	1550454946	0929704724	0456280696	0045554235	1125849313	0670989874	0890181921	1916461245	2004407009	0492629774	1079152433	1815542516	0227926189	1792115922	1634151879	1022268870	1403722090	0101820688	1903320204	0186262916	1637155533	2112557767	1411254118	2138563758	0407280867	1139148680	0855151755	1574980561	0814855805
0778297716	0526818935	0170763964	0991790556	0255806678	0080575852	1323646954	0751256605	1313399522	0321358741	0154987782	2129471910	0071930468	2049566062	1419106154	0963746696	1369053998	1550750428	1600903404	0560897765	1703009672	0821510088	0947682453	1960261419	1567040506	0510337534	0193247820	0920836476	1731491850	0632622453	0294031274	0423750371
0916711945	1129976037	1309363438	1206371657	1095327872	0945722620	1233602893	1356694513	2130799792	0914806772	1321988131	0788705855	1510235701	1422202814	1469703788	0954657122	1071922717	0564789936	0546734612	2033582018	1210734521	1407539122	1977651749	1788540824	1677021909	2131841335	1240150797	1885651044	1720917729	1154513507	1393761504	0197976252
0934698161	0629114122	1459054273	0209401218	1828057140	0107814351	1707082836	0559700732	0911828864	0664412256	2009305839	1222886998	1643273596	1859627552	0283268026	2061951230	1270710971	0114420182	1062134809	1415660999	1043085080	1221929099	0576250632	2040607701	1179788117	0982369668	0832731940	0574788081	1081833161	1773381425	0296073262	0383704335
0025366404	1131389922	1450208516	1862618609	1161839144	2109174684	0386352959	1591117032	1437584380	0142162263	1319338777	1358169764	1155539585	1459185274	0263651378	0929946285	0221229129	0903778146	0647464591	0637741588	0431987339	1916479713	0167315038	1007749743	0046406712	0421044723	0540042596	1230018750	1247545228	1609801335	1932052439	2052599633
0864726423	1435152112	0065223280	0991006990	2118798445	1071630561	2096974985	1504441978	0683864468	0377634932	1096125239	1462167907	1000640328	0817553039	1013552967	0944428365	0955895578	0411816239	0055734592	0428417652	2050292420	0742103178	2090574517	1305958652	1964191824	1053364284	0038335320	0056629140	0430700359	1761043323	1235506707	1141841706
1019683150	0895198990	0338994048	0198849245	0574705983	1849495722	1796292976	0970938106	1975997636	1905151044	0892419738	0872745918	0927334816	1427426233	1212877394	0915583634	1493805883	0164158504	1642973980	1118948734	0657075559	1108007239	1446962736	0997885324	1758841045	0729042360	1620738385	1067458147	0690689591	1270843902	0201107852	2027891833
0065075694	0658012735	1826738742	1571819282	1370330827	1535578961	0017127881	0105487269	1250521308	0089170367	1890256210	1810531399	1905428650	1263176486	0183865960	0006221687	1488678353	2032591321	1739959218	1209755727	2136817540	1123365999	1883604416	1682979285	1325728358	1373675281	1911242517	0192591393	0625686122	1826716742	1202065282	1732527245
0854637042	1514133758	0364853756	1031264907	0128777012	1839208155	0691846167	1382063911	1165026225	1987353876	1643432141	0229326073	1697646193	0871831709	0594609682	1363515883	0813448444	0747101506	0198127333	1326432881	0329691460	0616558960	0897843945	1843079793	1337956623	0735695024	1762912589	0440005664	1388998227	1745958299	1104578685	1805314127
0118084026	0363335154	1277924857	1099117952	0221087770	0675441080	0539673518	1469375745	1883689362	0963183060	0485958334	0621409997	0824844218	1149830541	2144046881	0220332307	0863276321	0685607915	1762461250	1444285679	1101744912	1422731550	1766235152	0447747183	0504205593	0212930489	1014972721	1183913726	1602003427	1869115150	0827537734	1322597366
0290700265	0274056930	1869883342	0853638796	1916482412	0212677131	1051752109	0859797506	0199222679	0408560280	1167406501	1190463315	0011796106	0688658018	1485934843	1019575338	1230686353	1730530614	1656998177	0600426543	0343250948	0877607194	1026421962	0337778983	1252088260	0655128867	0602209500	0244638189	1350342165	0593585659	1332630498	1413825323
0255649606	1735634042	1530966693	1955634544	1112563673	0717537682	1535143469	1287748425	0847584509	1093812212	1241828764	0022471355	1866425260	0715713091	0934013590	2008431207	1555332503	1302426637	0583674188	0106778220	1472698295	1891212390	0701179483	1480799692	0612438361	0362413256	0815970700	0188985158	0145236593	1449995559	0430933957	1392157615
1158701240	0910029684	0490365054	1670709039	1258133948	1333275674	1519880120	0307195775	0488703037	1654476731	1172156561	1567826796	0840611682	2013109408	0724961771	1757755766	1816111030	1193006399	1951219601	2072544317	1067581479	0616046868	0881048289	0878847158	0391660440	0599637025	2106207451	2055675456	1020476056	1336668250	0556846483	0185106155
1522826229	0430325857	1909239150	0881740576	1776696532	0178501789	0044912864	1083745151	1695942650	0157671919	2144605882	1025527526	0337378660	0966310540	1509907166	0195482363	1969578678	1395906288	1885622588	1242657737	1070118684	0309178363	1597804848	0023074601	1267762547	2099865542	0693909596	1702376762	0921609953	1846417907	1607063799	1019441474
1128317752	1355854854	0903552861	1156066890	1731665821	1409069403	1927280752	1311751163	0534676439	1235331225	0339999379	2063061833	0609262769	0677329687	0069236662	1871925207	0811525499	0640419596	0344111208	0303611485	0377083123	0411805964	2030526314	1393124921	0236344006	1536445539	1696802445	1723344602	1140778725	0334030659	0531032555	0122114953
1539132186	1754121987	0872729493	0651279841	0336138928	1604971286	0210313835	2134025530	1442694163	0122939264	0360941634	1852223510	0397585658	1400528189	0109017756	0457874201	1057789006	1390193976	0368075272	1488193144	0320134599	1055669658	0130050492	1767750045	0138750070	1952669495	0671109011	0745033833	1953969221	1040767423	0923773546	1702703459
2117439138	1848077929	1589766142	0208012620	2112210671	2020062587	1622924286	1298674255	1941899324	0045471362	1880486449	0818915444	0289173685	0386630634	1963033463	0912143780	1662238174	0622226595	1664504922	0064754585	1703584713	1896289587	0134283582	2046333324	0773569763	0521007803	1287316202	0025663489	1829530223	1243600215	1877960901	1321703148
0293963868	1438341376	2127575800	0416264403	1801582942	1832567141	0745473513	0753736393	0041523498	2100729258	0177998879	0182439082	1794486905	0681073867	0720644159	0058611233	1531482705	2038313640	1278210536	1605557611	1474743522	1905604227	2066615478	0205832168	1972575906	0230709756	1330886257	0015654247	1107924395	0054603628	0747658527	0970044692
1992774067	0398785457	0090713512	2056090461	1553014150	0992573412	0528365588	0395557171	1667485532	0767742974	1374412842	1422528362	0498738083	0662286740	0645496779	1924463656	1209458925	1443433620	1813574828	1516732325	1089296385	0506252020	0247490726	2048291290	1468849620	1631041075	0278593570	0807780530	2123235023	0475269362	1360483941	1395206778
0866376253	1246557511	0041627245	1696921440	1575809920	1868990636	0882314583	0686613946	1490955091	1643021241	1913264361	1961468796	0384589275	2013651102	1239278241	0105504234	1535652063	1245753195	1555873762	1809432062	0608740867	0495657361	0424199614	2024688105	2054594020	0024650380	1982076436	0992327588	0691768914	0083672740	1833436042	0316707091
1431601171	0514100009	1152139382	0146548275	2020598463	2039457630	1177897643	1421427855	1329869757	0111207923	0760788971	0462601359	1050238573	1191601718	1965066151	0715792644	0123577214	0345549049	0847085055	1289423422	1081971677	1953936190	0485615406	1300270042	0845004022	0673240143	0055747358	0642975814	0356794194	0865676134	0217075713	1964275785
0317013164	0133319141	0869358966	1984891021	1052417449	1304748651	0955057840	1364339202	1766068995	1950113778	0666846332	2116631878	1165360991	1171315097	0310243230	0167671694	0559616194	1638482345	0789966934	1230353984	0439372125	1478526489	1061421186	0159217473	0203444549	0498569019	2115795386	2138825476	0511007999	0724334840	1958344684	1564730066
0333478100	1981591677	1434917663	0419806231	1199544022	0159899718	0932518029	0494857597	2014951595	1621827622	0046911583	0316477032	1859966852	1690915832	1571287673	1025512952	0092433442	0898182913	1097664028	1554790866	0789068166	1157145737	0536494527	1727165183	0928774182	1996530478	1255759371	0078465681	0217741309	0266045875	0372068071	2023172880
0210527562	1431167925	1822469075	0678486364	0182154178	1301072671	1449887743	0766354092	1653793185	0421217174	1290942906	0850135501	1018661816	0909507628	0306104450	1474156585	0630888656	1218876153	0804994738	0399585466	0651562893	0798426598	1678006130	1493774506	1784288912	1082097276	1917394936	0517082470	1886237528	0840536082	0742500208	0173523139
0120604547	1923542308	0756748618	1275865192	0842066649	0696936013	1027759753	1347195850	1400560629	0654236836	0642230012	0707001862	0553275783	0301893371	1565512183	0593616637	1853277744	0936227320	0559885671	1872614990	1667290145	1778840959	1860148026	0440939956	2059258342	1108498942	1121080469	2125407352	0478380866	2115924141	0007843467	0828647402
0645434619	0879740536	0374278957	0526828236	0327085871	1921581224	0009064535	2023784455	1899333999	1909592185	0372748880	0580627861	0446767859	1224576301	2118101706	0098956423	1008258583	0008546004	1898768526	0995622062	0227418610	1851170257	2022915310	0176515866	1027243355	1258029252	1721133649	0488513653	0618983490	0844730362	0368803817	0847947077
0745041647	2085299119	0689173993	1567992080	1471056223	0062712050	1734437320	0745012862	1601509624	0012219070	1354963025	0946968387	0696372392	0144916194	0360016860	1341932421	0984938953	1065031995	0716542220	1984282811	1567650214	0020281655	1571359359	0082855907	0989825693	1592092589	0653901703	1452100622	1450989446	2102807237	0742853580	1817679049
1776897968	1416552994	1002459516	1327874697	0939972855	1234066653	0561174245	2054841738	2040563159	0431170723	1076516483	0462803806	0157798008	2116300058	2030913192	1452932526	0400414445	1699311064	0936031195	1558580090	0050046524	1465822891	0152930653	1915043159	1792955724	0716318564	0372780066	1104770963	0741963179	1885094971	0964933406	1986736145
1998645459	0295023039	2059959197	0002867045	0941785081	1627377977	0989931247	1218655020	1383379701	1804672285	0068063767	1486431765	0781408804	1275267423	1532781301	0241496495	0087498635	1710743897	1961610843	0624489557	1043401610	0099397868	1985173757	1509394107	0162434338	0582203429	1157535471	0644302924	1186695494	1110537969	1031268906	0195988205
1881330584	2121390507	1686743655	0168985538	1166555832	1925654961	1904369237	0637491371	0521557514	1936374391	1677202899	0878772971	1292283178	1901250535	1908558032	0171608585	0154950174	1497394254	0344367785	0320933830	1603443193	0297458548	0043886020	1005447219	0002591490	0605499490	1852408944	1366691249	0494733631	2078938680	1163458070	1401176555
0268686883	1809816587	0629001601	1715397473	0717367736	0826344694	0598526909	0628357015	1619258806	1969977658	1659112207	1771190401	2126238540	1563255700	1323612502	0172221841	1872009178	0075342449	1412672260	0203472588	0969820492	0372128314	0888193334	0706534241	1283904224	0662607712	1745105889	1810509344	1534750265	1121619738	0451483200	1018417549
1099079453	1721518724	0518018237	0433804321	0242241482	1871076909	1586566542	0119426595	1453055867	0325922985	1704309045	1185235629	0196907031	0144169990	0703468114	1291115263	1599455953	2003392572	0622856291	1510387359	1823635173	0949742627	0078383838	0989689655	1453185570	0358357659	1373028625	1780313360	0836987869	1237226433	2127989177	0921440701
1149283190	1534653212	1637933614	0157379605	1526651778	0301818490	0306987216	1278419218	0817908691	0548545190	0251711759	2124232570	0061172615	1630957039	1013684165	1001989504	2018317601	0212231995	0012802298	0419857786	2066028907	1084751606	1431562659	2014312472	1617505596	0421064599	0874098528	0038330969	2130985530	1889021691	0389323389	2123010161
0990981022	1682354269	1558502681	0896517108	1017766804	0899426473	0523340478	1837879281	1979780966	1067068944	0591805711	1481815520	0505590381	2012225935	0908816589	1576713859	2029107880	1175824800	0942893906	0936046929	1823021428	1371948647	0808992290	1014448873	0969534978	2015945457	1145797080	0925660911	1211392309	1725563803	1931667933	2032658232
0717048748	1907564319	0650143370	0562823654	1859171390	1206487880	0901204186	0336591811	0626641279	0700171265	1715548942	1115623572	0605652647	0131551349	1222849880	1019431370	0958499824	1231705821	1684860114	0724566656	1559508902	0628204279	1199708501	0776814624	1370295455	0941081757	0544029744	1670022129	0450655813	2144909769	1837989041	1677033639
0181503798	1107554246	0275960326	1648005209	1926952304	0086492921	1987577875	1113216040	0944451616	1346675135	1238838212	1299871419	0587798202	0699604814	0785141573	1734890243	1914838782	0505475132	0075235992	1770933108	2096882383	2095563811	1409160677	1313839223	1268962507	0792756792	0874857156	2051173530	0518533419	0502533607	0029149198	0284299270
0066716315	0314642471	1091271183	1484427301	1452120708	1788574848	0101379630	0932909339	0629153826	2126359401	1447082880	0869661885	0633599713	1686454565	1752700849	0609983244	2048934777	1546517394	1323261317	0712306487	1661278631	1675056570	1312643467	0499244238	0579299237	1738904408	0661433233	1332990159	1016196809	0282324272	1232663281	0597021158
1091003722	1284177568	0961733026	1885040660	0052128429	2096661874	0536952695	0837660171	1799187912	0234003577	0855560982	2010407809	0416343965	0991297829	0564478577	1756174840	1015291512	0099383122	1737337735	0100163886	1974736401	0034927222	0758784523	1133582175	1788182688	2100281098	1235708347	0235837892	1620122129	1447461790	0795551314	0597748176
0425093366	2013592440	0253346007	1673751295	0849723012	0528410134	1144241793	0555756066	1185820459	1436210253	0669529891	2122051404	2057021299	0017739240	1790663394	0843833900	0334352512	1645448632	1908235605	1195028937	1584277415	0300774752	2092235473	1304358733	0844156955	1468970603	1516918709	2074368626	1663971784	1841722454	2147480167	2088995287
0533643806	1059737570	1927454419	2083088785	0047312454	0611464988	1182802421	0104169468	0577076371	0886417545	0925619576	0516674964	1479735127	2047647229	1381534628	0859301432	0451641549	1532305545	0835399991	0319564651	0066488210	0775849030	0173942626	0728471615	0618161758	2066266167	0777413132	0692001176	1839816527	0179336136	1182881011	1425031598
1768436242	0934244814	1599645681	0897183774	1485004031	0407803583	1334501904	0654291260	1556934180	0304524565	0690833154	1536223596	0114090091	1956746313	0470712433	2081589530	0619137433	1284566716	1059692521	1170315876	0696205059	1627517757	1191730060	1974626498	0335271148	2052578355	0507107077	1733531843	0559046452	0652763139	1643608297	1042496318
2064024400	1754740809	0535852612	1675918013	0758530439	1158159681	0397982159	1622069555	1965595867	1028794868	1564504479	0837004685	1519852945	1997949197	1477849487	0420466807	1564426619	1675895312	0376994732	1073702074	0405671977	2015821861	1216002755	1903918433	1650763131	1034707124	0000059662	1002739234	1734127829	1985848566	2113490735	2059261765
1166029303	1666216646	0916412442	0391196410	1390619403	1075775920	0901063347	0116994385	1377091690	1348770111	2089361492	0246000300	0621021625	0739926955	2022016555	0103526110	0501576700	1126282425	1507852317	0019373572	1341593907	1737985096	0242941978	0759411299	0930388172	1205572997	0557151134	1010408218	1777723097	0252110568	0237080845	1035596730
2066765822	0585180129	1794808490	1790985668	1965325724	0783468761	1537226370	1935327180	1256596798	1268199388	0851917641	0906317738	0380714395	1313052352	0928923492	0211016354	1056360481	1003294418	0327687082	1288716266	2081702667	0373147345	0835178175	0886470433	1814508192	0023911897	0307810890	0089522607	1367902949	1532422708	0657074885	1096679321
0037205846	0400912445	1479262476	0546252813	0378437166	1694370195	1646708145	1602034126	0237589596	0996240199	2026512581	0506307447	1179052315	1500647336	1331825784	0773899007	1759644417	1346413682	1139564935	1408698599	2137628865	1874403392	1660191501	0583531836	2009235450	0039859075	2044059308	1208888497	0446184812	0015239960	0587453727	1352464430
1902755162	1427020257	0832089703	0518129057	0148872414	0280213343	0114017930	0743936386	0689046668	1575524452	1366097254	1248877901	0385716329	1628694857	1647896937	0107224800	0388433767	0056035089	1183903437	1429076204	1026652580	2066292062	1212630397	1059272349	0550936013	1779568274	1199229349	1313641548	0094122429	1367700011	0269127389	0623466341
1026079474	1024034108	1007306098	1179999785	0244906450	1564037498	1578389606	0128616651	1291504475	1698491096	0039730901	2037322537	1800611591	0539456413	2115459304	0785262596	1621440157	2124721916	1843159896	0536764097	1962860879	0159008139	0980135305	1934498645	0216310935	1995553821	2020954348	1578365884	1877404644	0562626337	0690348218	1975838832
1383615863	1478879725	0555807697	2053582676	0206860948	2083412190	1187812995	0565024453	0193294537	1706009095	1840688568	1950827341	1922281438	1040142998	1166480806	0664692979	0284966359	0541062903	1198449323	1088646448	0320179096	1803530737	0209419354	2132868892	1330432120	0972908276	0728906474	1484386030	0758479011	0293809285	0987748542	1041154084
0979934032	0699186981	0205073283	2102897593	0113983225	0160649451	0648378678	0968416268	0393655663	1921095281	0431755122	0161092241	1647899267	0146385110	1425767955	1259486459	0442607934	0028193530	1402256370	1237268412	0686046583	0545219738	0195414817	0834333056	1714940929	1634167316	1281718529	0434853846	0701738981	0146864343	0890302398	1793834537
0454143126	0626637244	0632355020	0094252137	1400218720	1350223214	0741859849	0148427661	1395184260	0487916227	1315462943	0641537136	1946736812	1892237239	0745947450	0129260964	1383054831	0639549489	0752608388	0410496286	1493604638	1076801083	0951108712	1563337963	0558723096	1660569788	0498950504	2084962840	1479783781	0717891360	1036958674	1334638513
0802795076	2084571878	1351336388	0123622444	1105729659	1822381322	1351105340	0535366002	2087398331	1610891725	0930884346	0954834827	1911127005	0398664856	0211256152	0791678173	2073860446	1712925112	2114069349	1046609028	0319381019	1275152480	1748417947	1641693328	1069867040	0374764949	0104961192	0998679757	0078490947	0642386971	1197528128	0638507612
0421650825	2136864322	1909631073	1026339496	1099256568	0403323235	1195220713	0512489353	1999131401	2019799292	1492692515	0779135351	1720048498	1577733619	1988345024	1121787401	1121911594	1061739698	1217481363	0985079325	1276780552	1194136640	1619827265	0786649836	1314462720	1010658351	1686741134	0126615091	2011023907	0033684816	1352503351	0409416762
0529913946	0649006313	0779659478	1939116399	0517491121	0164500297	0945037990	0464444718	1966802228	1976751372	1688290114	0390518187	0729143677	1176089557	1097697511	2117539647	1389849045	1013270896	0498628362	0965689540	1810178401	0267558558	0025927488	1971594122	0909735244	1984162915	1700041789	0332424388	1451723269	1551268516	1718473832	0882125921
1810739006	1099712205	1618763353	0085350028	2106328047	1935048781	0872512099	1292506177	1354227434	1468792332	0668201659	1273292650	0555026195	1803780444	0111277609	1932001573	1197694771	1291792866	0103027692	0714599962	1553007310	0877613532	1132944728	1812029194	1309065451	0493071442	2059815568	1883861736	1712789231	1977801029	0002522490	1593300137
1621808116	1866557888	0797308240	0061632400	0768628946	1232558717	0987097657	0839148124	1037410219	0333820740	1297891216	1666264733	1724610651	0944427798	0946366009	1309623581	1283627764	0311111786	1880590504	0420284182	0642531891	1485714921	1618313578	1115916191	1228732886	1110865450	0092791132	0467427802	0563887488	0411676605	2003873248	0111643235
1634626814	0414566827	1187710521	0990227582	1904190071	1921215703	0308204029	0254558839	0582982249	1362261329	1202995836	0192479147	0886651247	0558481796	1900007982	0352322584	0873254509	0885289165	1288289739	1355514319	1622632057	0682148746	1606266336	0501382715	0013460177	0739411904	1955488986	0813654014	2054632849	0677249383	0867050981	1849292772
0532795973	1842593868	1760949736	1810073645	0654408113	1373398904	1561141572	0151201558	0771430905	1080443396	2037921187	1124703906	0747487248	0238842186	0573683859	1850526830	1946255956	0252941388	1315770703	1519092162	2096371198	2094012104	1099424892	1084861056	1123605162	1608249663	1622904899	0972836946	1677546811	0216451014	0054894280	1337679397
0371324936	0270721170	1640339844	1944181569	1895941078	0719343760	1825125357	0225461351	1167772949	0906903910	1642572611	0815590892	0248003043	2068868521	1565503870	0453900046	0836158978	0190957278	1078402728	2100152463	1221223549	1602973664	0996019233	0460220666	1840120615	0995175858	1318002570	0375375185	1771263056	1199867478	1301257416	0259929664
0656124850	0161826605	1105453133	1469776134	0023092697	1571902019	0613407939	1625725173	1128541830	0826966506	0311902958	0145432779	0452326367	0157139789	1791031560	0589148921	1926302577	2051433114	0586394413	0728443208	0140725309	0790773016	1893272276	0961945133	1154955715	0236016772	0331590995	0329789000	0108430093	1318440395	1291449019	0766442104
0985527222	0214650843	2011674988	0238984948	0825601146	0986617555	1360008398	1992690165	1136128190	1629383853	0342950827	0128440841	0484149452	0284301281	0100515192	1436685402	0065424546	0078717358	0152709354	0343154513	1404307796	1355846842	0768895177	1412135840	1925279883	2042884232	0786738988	0665356737	0703328830	1097652722	1364770924	0432086061
1428216720	1613690521	0725608484	1889642922	0092934571	0730723428	1957160850	0995384851	0535580627	1399633412	0102886246	0484800687	0492189691	0125128393	0646410738	0105503393	1521517376	2054753603	0559278214	0253019779	0485804593	0184968657	1359380990	0037778497	1435523214	2007367300	0854116730	1359184562	1031380395	2069783828	1916683090	1437988630
0493941072	1643301449	0180269276	1833779462	1793599737	0802826820	0470609639	0353930772	2132266461	1942792538	0025333531	0578893411	1360637767	1833076713	0719915529	0697428705	0718499609	0522381382	0750738338	1192820641	0976668542	1650671373	1640014065	0763781210	1361038351	2123241060	0576733221	1561546436	0513299865	0589021056	1924759169	1881178622
1714848820	0086091353	1680875440	0326143795	1120495421	0882440204	0650442446	1294426692	1420068334	2102720427	1431321557	0109594805	1566402156	0519007319	2024919966	1656514553	1062092563	0705632477	1160342205	0572441028	0289619036	1429193950	0858125955	0022752433	0148052265	1528354629	1004347836	0852614232	1876504440	0465283238	1027422339	2118729693
2063599344	1053275558	0694601085	0439330503	0778985535	1349574633	0578577217	0341332503	0846556784	1000707313	1943369934	1139693515	1422259012	0266739927	1299581800	0015138963	1037480795	1519991572	0032885892	0809889565	1062564269	0043660631	1512301590	1783860885	0330698428	0360800960	1635399239	0511811920	1350933205	1937260351	1535147090	1348606572
1488245166	1194468353	0752476715	0344951822	1546909101	1464229925	1297238502	1433518770	0530931697	0574478194	0168529646	2094313576	1871297502	0999105799	0796527900	1978843549	0344286954	1109890860	0892726178	1728115704	1871795100	0772300797	0668332711	1328399967	1178251157	0920486712	0147975596	0239778746	1282062250	1916805399	1346152346	1042258077
0207391560	0263989839	0176009371	1104516478	0759801078	1038952884	0491587631	0743724208	1417938316	0663246253	1739646241	0244518582	1487590963	0936696767	2007430459	1915630043	0919296877	1625255221	1819993154	2015355057	1960362515	1118677331	0390572632	1644200792	0263141548	0951168063	0413366573	0342394366	1513419049	1237641475	0513665483	0291511841
1029312880	1680797575	1164950387	0712744610	0434877304	1095997587	1464204390	0868071757	1825605828	1858286507	1366644828	1862019531	1830553433	1260821509	1405956814	1153604957	1156147183	0933666625	0471957746	1536728651	0012614888	1565025210	0998996014	1098855052	0097494764	0064475887	1314474721	1212359158	0795525770	0168430168	0422386830	1621998475
0770954307	1660195398	0649028715	1156169892	1315336788	0668733698	1625337535	1055960905	0730071527	1738078978	1820816752	0825181114	0369590672	1187717180	1102145395	1711198390	1010340106	0632964713	1751427800	0688685171	1942295314	0258424351	1126133023	1144336550	0000853318	1456813744	1207535961	1336432377	0887496266	1875814247	1750111369	0038265824
1036093515	1826296729	0585357732	0484814817	0729672601	1475780637	0009043209	1665358373	1523803660	1825623145	0001849679	1022783895	1469812677	0637270898	1111035097	0796564614	0448412100	0942047377	1740819555	0637054157	1763236404	1587397075	1193292844	0323049775	0658908809	1854668931	0695587112	1979100763	0372315358	1884358195	1466841056	0085360632
0137065828	1562901612	1814906427	0274596601	0202715604	1132092286	0369938382	0589228209	1111412346	0694537616	1520090667	1698375557	0245350575	0438511785	2051177638	0587576575	1269687119	0086408794	0573655386	1371981119	1354749194	1648078064	1003942642	0484969615	1183878940	1017355125	0422788461	1929759751	0026614416	0631891136	0887688337	0808984250
0879320593	1906231544	1872514062	2118476896	2109807459	0283984149	1212928609	1776354139	0866353579	0865475593	1141550420	0419006642	0645753581	1945567576	1568240610	1353132639	0248441943	0855526233	1426381366	0831666901	2002030431	1351672621	1479723181	1846870807	0629019511	2016410843	0377604994	0592957273	1508765231	0330333641	0672276792	1044576277
0514673314	0050258282	0729872303	0537204857	0780779611	1437838907	0125030258	1144539440	1263341901	0816512218	0700343596	0316948765	1198448795	1079772352	1497102914	1890267346	1997694151	1486258659	0019499909	1317456219	1930272163	0048788312	1793890277	1390965306	0446916700	1578663341	0434313502	0210111961	0888612859	1315039975	2122648548	1355802272
0019807187	0039426624	1218306292	1964759146	1998410550	0641874770	1178900509	1096727541	0847639386	2016129951	2099104091	0781104521	0456150336	0002077362	0554484782	1294186741	1682179171	0763114242	0888725410	1059200985	1499004912	1644893027	1160116958	1081681993	1380184496	1789953025	1789563999	1693654958	0363138121	0113874873	0487061034	1974619721
0221370109	1125745359	1071318643	1149536453	1496277159	0896704943	2027226002	1759355959	0793267370	0866207014	0549641285	1493911248	1935028059	0524237445	1880818121	2098359454	1150892344	0662417079	0688620705	0858815252	0870348877	1442456022	0415470771	1347911800	0548630397	1683785808	1996058537	1913781572	2064299485	2083127110	0691440729	1010318386
0267916673	1749798999	1230714175	0050651321	0893227835	1569530315	1554368104	0126158173	0774054022	0070014228	2055575087	1481057920	0657509063	1951458026	1784785998	0846687090	1043276608	0145972901	0940222233	1130395405	1915230473	0646174828	0435531317	1350575843	0226044511	0231524834	2145000321	1212412858	1698061670	1412302707	0434846258	0574207465
2060838284	1892780372	1284449193	1231967107	1781326622	0687013127	1757539217	0324055634	0384511846	0712301899	1584168115	0611253299	1919912692	2030818269	2005045312	0483170060	1003529113	2124722300	1849613784	1633077363	0142747634	0420250939	0083816790	2107000745	0356182185	1317059106	1698444913	1411016867	0298569848	1541635944	0885109753	0420395902
0372726284	0200856889	2104923986	1959315671	0704239399	1369200376	1863441827	2112762188	0551990571	0176171757	1686254333	0534885272	0450220162	1265374353	0616194630	1217000576	1494426804	2010043163	0730189584	1574779330	1727733682	1893602287	0065989069	0976720831	0382008949	1595784960	0434555337	2127149159	1835643704	0913660326	1381023032	0850842048
0008695363	0114077945	1752608491	1205205985	0831231391	1124864802	1304182673	0032600182	0302928889	1789594033	0050952749	1664360937	1939765984	0697647981	0108904047	0694250685	0992608644	1120509812	1124309741	0565207034	1114449757	0204696765	0069726861	1520765212	0150551490	0583156264	2139447787	0232770741	1610122800	0892463753	1612506023	0145103421
1359257402	0108118628	0378615434	0395553177	1600358374	2137996790	1615667926	1747599614	0772872479	1686657497	0868411679	1096223941	0973568774	1092478125	0294665025	0337785193	1356459730	0332285558	1265891106	0711327713	0243409542	0027824859	1648453814	0876721951	1180528390	0539236097	0560091939	1044393972	1745640473	0057844397	1528171935	0081293425
0498994483	0676634246	1265861657	0216378370	0981450219	0411938126	2104289401	2031263811	0903335118	1791427583	0802656541	1903697780	0089731807	0588960055	0899515362	2017297901	0254003271	1982969108	0963080363	0907413502	1617350767	2113820890	1165725909	0862040982	1398101812	0131088810	2038891495	0252801286	1108560036	0000403680	0342198819	0374344267
1624493406	1901070331	1027353051	0954206277	2084505390	0233872572	0801243594	1778617668	0254779836	0002311534	0195246292	0149417028	0843606253	0803256677	1252765297	1296671491	0493699481	1877848806	1585206130	0877302228	0195825694	1297491854	1396638540	1307680070	0831293092	0014389862	1332242170	1329647568	0671844694	0224756132	0052575451	1019826040
1149267573	1272178293	1153380919	1685707811	2086908253	1964085367	1411625132	1931745115	1182372459	1467732722	0039205565	1797934973	0650694274	1231932594	1201266631	1194501770	1314116234	1629719090	1682311792	0844591742	0186501124	1345750095	0724076461	1910736125	0271595637	1305121184	0773769030	1722604625	1588887168	0467482131	1476994991	1091338064
0461012621	0118122771	1014522369	0057298603	0944946765	1078709790	0818492556	1771629657	0918879544	1053590431	1691704302	1938201081	0166127024	0368151268	0617974269	1062622191	1017155685	1365767675	0004610942	0186690902	0240381647	0677601122	0336277413	1785005034	0233057848	2140562855	1793849441	0704634654	1569800220	1795694145	1643803724	0032070613
2139880941	1070339078	1865856674	1896906424	1911528453	0703350451	1461036869	1318637485	0308973355	0299719039	1528736258	0975935498	0067819100	1669280790	0875873122	1946644916	0347741167	1182790282	2047632942	1141413019	0257191682	1883501610	2102602490	1596638045	1887453050	1942461513	0904247297	2090034507	0819945170	0415909391	0129863552	0773333112
0838581740	0108128919	0551576271	1802966245	1459420545	2070367428	0987830055	0263659428	1065242635	2109285053	0093841095	0934286767	0157266105	1766540925	1291906700	2016235730	1729448097	0643004134	0832768434	1188142739	1812064567	1903579462	0248644828	2117930781	1521187242	0801158759	0352795823	0237047794	0480108573	1088724632	1634217584	2126572805
0738796614	0204244544	1059183102	1198445331	1021552904	0107899763	0995118673	0356894275	0400253854	1147741774	1397878264	0668884868	2018568078	0127031640	0422028362	2039677740	0582319119	0954453654	1947203335	1143154712	1612538522	0691314114	1029783728	1004405323	1818798241	1259805089	1502855050	1929652983	0379648287	0574844372	2027915998	0471216849
1969374654	0114358567	0026571504	2058152799	1854990564	1806305649	1750208751	1674965098	1922757210	0446508414	1159051480	0354062423	0049957524	2117483538	0446825082	0038839615	2089864264	0106154716	1730884802	1167384952	0828289272	1068794650	1678459042	0515931902	1875993975	0475832571	0088919369	1966700118	0260588602	0993477581	0692348442	1233865248
1471127704	1264093217	0558978348	1655622858	1107760227	1590399346	0112854013	0509336190	0543528388	1833666425	2041270525	1582452850	1847565502	1567340141	1251335685	0891502724	0492877149	0941816764	0012390511	2088888265	0882408699	0120937911	1083940115	0677735304	0443990640	1792496802	1593151098	1264393290	1307337965	1523985298	0583445717	0561833417
0248643660	2098300205	0155094401	1773933796	0989838071	1800129635	1029156509	1200153825	1818924151	1228490812	1337295026	0353652480	1749980111	2127179912	0205025728	1303640708	1661212662	0566315587	0418547205	1513930510	1243831914	1477158700	1695311580	0288696664	0959273275	1346194896	1757395927	0063264251	0277861292	1385286066	1632694135	0144285579
0498688790	1981302936	0877014970	1810331429	0692016507	2097484644	1480346203	1580583326	0491246692	1456013376	0640652867	2117213258	0199196416	2114641686	2075942399	0197087184	1024517814	0547018252	0358268557	2022974958	1179019802	0954201345	2001613266	0782831407	1562635927	1644505926	1096561392	0202656790	0143605388	1951620535	0221107467	1006488559
0324523694	1808745325	1951653990	0783385652	0140413407	1991087043	2109744147	1367383012	1383776137	2025121196	0743619869	1811796390	1691295917	1516925327	0038113705	0626913129	0974186921	0744256519	1774554705	0688037399	1792609545	1340539052	1188906287	1760113921	0647432822	0103800005	0809962671	0143773164	0476464473	2119361695	1948238723	1365051652
0855314263	0011285223	0692182025	0584378376	1204647701	0038086791	0174569531	0527445715	2115120836	1539081861	0908309712	1647566708	0999516938	1264090132	0507128753	2097840375	1016666179	1728574921	0999920631	1606507442	0258683963	1194464613	0689618535	0449474886	1624422503	0709403610	0117265126	1632468383	0645039009	0673174207	1095044653	0480628181
1231841700	1821094820	1203702696	1335256932	0459144974	0940834347	0680777168	0028991360	1926483298	0793843667	1962096105	0190353403	1666493838	1280211092	0869163951	0854757563	1392246558	0506082594	1694915238	0069827611	1066586815	1078598196	1090415845	2141147064	0875231869	1906523980	0345034973	0796944311	0387528638	2023401162	1899779489	0807008027
2024678984	1901297373	0548280656	0100572081	0245318371	2044742804	1958987536	1631691782	0477591077	1726842300	1944530543	1318679340	1012564791	1516107545	1326020353	1986267952	0572176649	0141168477	1796646656	0472702890	1175461970	1287378680	1075832077	1844894046	1765335732	0363648000	0093476638	1251308904	0441478494	0373014650	0752608222	0407672710