0000168070	0677268843	1194115201	1259501992	0703671065	0407145426	1010275440	1693606898	1702877348	0745024267	1793193459	0416963415	0664975744	0742430420	1148079870	0637806795	1527921388	0165317290	1791337459	1435426120	0375508442	1863429808	1910758855	0653618747	0991426424	0578291095	1974930990	1157900898	0343583572	0025567821	0221638147	1335692731
1341167826	1019292670	0774852571	0606325389	0700907908	1211405961	1955012967	1403137269	1010152376	1772753897	0486628401	1145807831	1106352968	1560917450	0679350398	1819071734	1561434646	0781928982	1427964481	1669276942	0811199786	1608612146	1272705739	1428231253	1857946652	2097152784	0197742477	1300609030	0099924397	0097128425	0349867255	0408729299
1860625187	2018133942	1420442476	1948474080	1025729457	1583749330	0015184745	1806938869	1655319056	0296727307	0638820415	1383963552	0880037807	1075545360	1321008721	1507631161	0597371974	0544717293	0340756290	1899563128	1465595994	0634440068	0777915521	0545718511	2135841687	1902073804	0712854586	0135760289	1095544109	0285050585	1956649285	0987446484
0259432572	0891434194	1488577086	0330596852	0801096775	1458514382	1872871416	1682074633	1153627723	1538775345	0051662594	0709823970	0739804705	2114844452	1188863267	1037076781	1172179215	1948572574	0533634468	0902793804	1283497773	0273836696	0315894151	0653420473	1954002600	1601768276	0064415940	0306945492	0577163950	0210874151	0813838307	0857078006
1737226413	0376658679	1868110244	1117951768	1080937173	1746896638	1842856729	1883887269	2141922362	1020763473	1872318475	0978729834	1935067665	1189895487	1205729145	1034046923	1788963337	0188263312	0898072753	1393688555	1119406056	1900835472	1375045132	1312008157	0559007303	2142269543	0413383599	0628550348	0573639243	1100665718	0464587168	0065992084
1027393936	1641360472	1918007189	0069800406	0609352380	0035938117	0569027612	0902394793	1019770837	0221470752	0669768613	1839284764	1979413630	1335703733	1526078440	1403144959	1139398206	0753967943	1785700701	1187714882	1063522909	1123137582	0192083544	0680202567	1109090588	0327456556	1709233078	0191596027	1076438936	1306955024	1530346852	0127901445
0008455468	0377129974	1199230721	1336700752	1103107597	0703058228	0844612202	0530372344	1910850558	0047387421	1871435357	1168551137	1101007744	1918050856	0803711675	0309982095	0073743043	0301259382	1647477295	1644236294	0859823662	0638826571	1487427444	0335916581	0015468904	0140348241	0895842081	0410006250	1847504174	0536600445	1359845362	1400027760
0288242141	1910039802	1453396858	1761991428	2137921913	0357210187	1414819544	1933136424	0943782705	0841706193	1081202962	1919045067	0333546776	0988345562	0337850989	0314809455	1750287624	0853099962	1450233962	0142805884	1399258689	0247367726	2128513937	1151147433	0654730608	0351121428	0012778440	0018876380	1575222551	0587014441	0411835569	0380613902
1771550148	1730055428	0112998016	0782110964	0191568661	0616498574	2030420090	1755301800	1374493761	0635050348	0297473246	0290915306	1740767370	1907464509	1120120347	1021022427	1929591059	1486375266	1979313758	1804638676	1650680951	1800991511	0482320912	1764284206	2017936113	0243014120	1971901893	1787475147	0946057746	0423614634	0782863833	2107619709
0021691898	1650993343	0608912914	1239767643	1888432707	1227687536	0721537176	0035162423	0416840436	0745551338	2061741168	2035166231	2066798648	1136886711	1492944418	0717901778	1212054000	2109186205	0579986406	0403251909	2143928278	0374455333	1343696021	0560993095	1157737335	1889547525	0637080839	0064197131	0924389923	1324733463	1832344192	1293336964
0284879014	1220539135	0837445801	0343754969	0758753553	0613069385	0230615389	1892343735	0388342075	0662451292	1263638596	1508097789	1997537829	1006438452	1629858992	1886161059	1702805246	1680689600	1497698209	1157972176	1541552918	1637175418	0299281315	0614359931	0445985541	0961059557	1303465412	0862496437	0462999409	1297813982	0368192895	1317599258
0039361342	0121111718	1857630717	1082200533	1505351688	0940974909	0895719055	0489791915	0627896454	0321061020	1593641876	0922964548	0990775955	0383276847	1430510176	1505099867	1003586656	0944363854	2019142848	1197256442	0367248304	0474243850	1304572933	0149249061	0168068531	0786804712	1769980005	1110465791	1965656907	2054694148	1707501676	1156693671
1528555853	0091352310	2054950212	1716202030	1354655353	0070892377	1782239801	1002427051	0782235442	0136186760	1820791265	0396821105	1435587800	0945380555	1926967379	0339858446	1841884549	0576843538	1268160608	0200142181	0830244865	1724191496	0342140654	1544248759	1849018518	0218376289	0200736500	0081546063	0450114055	1629517651	0444210166	1187102990
1516872300	1294372563	0510322231	2083533946	1086682440	1670834992	1227542372	0429249475	0998356052	1080431953	1845598686	0723318334	2053797518	1670226795	1742993628	0669477069	1234272050	1865797977	0910385945	0035592740	1206727314	0630404130	1665382259	1925255662	1635801885	0836632301	1703645998	0778822935	0764240080	0483331853	1575300417	1895708303
1102061629	0303343228	0163455018	0556903013	1135205865	1160253107	1222454589	0818226474	1594556777	1267320126	1106546736	0522608932	0280203894	2102692234	0957481806	1301746471	2037026108	1113496682	1366234416	1406675988	0355860493	0205348956	0293682763	1008776935	0130553480	1631534773	2133724915	0685225152	1771814450	1877211848	1617271259	0777529934
0507608743	1575097717	0636413050	1725569290	2023887942	1491156361	0730798837	1077076266	1281142099	1484213071	2146524392	1057670391	1544115318	1753759278	1219130271	0780988670	0656526226	0465302096	1344368745	1130047128	0356706228	1534715219	0532601616	0723519416	1138415398	1415783063	0947131081	1283286803	1023031200	1331300518	0535687933	1055641707
1807761682	0451951618	0301184287	0385355630	2008877705	0469689801	2074082682	1153078270	0894053362	0411777075	1544988891	1403515160	0918915472	1657432327	1454734652	0623975069	0986336382	0929301081	0114703736	1532859593	1557350139	0853096537	1392669987	1180202856	1510437100	0512148513	0565600815	1290276083	0380259575	0111343553	0892838734	1472360749
0513044062	0584707329	0290909831	1648749045	1543702074	1250818311	0785932494	2142997608	1912553819	0756807637	0120313878	1333235719	0848356435	1182670612	0036339252	0868452616	1784252100	0463397992	1554347522	1927720146	0106711533	0351889886	0043350164	0589250015	1477905788	1366717714	0939530886	0248344611	1367150956	1778578239	1739580280	1283395702
0705813046	2047681741	1961577812	0069337540	1419898106	1389182078	0540974762	1864547183	1363127657	0730985003	2058484581	0988799697	1528046993	0128876878	1370172370	1019875809	1985735156	0207408865	0554834974	0737412744	0567861571	0632096529	0044761194	0682111108	0973684470	0889497150	1144933283	1440210261	1325671290	0414533405	0625986967	0440567716
0097987956	1911102890	2140847698	0138754801	2032183412	1326683596	0248491171	1682901229	0013841166	0700243086	0775160842	1492468792	1313990184	1658680387	0956042602	0735364960	0510494235	0679437880	1141898061	1966841635	0491581174	0635201409	0688871826	0784438605	0657525302	0076903252	1875284517	1436873847	1085136014	1449856974	0249219509	1039176113
2095913787	0848756368	1461893602	0685363487	1949327148	0330857804	0891949745	1563508155	1271656393	0971742207	0458137614	1190004003	0882073910	0936590129	0215165593	2073143650	0403152975	0481144540	1320352825	1221405324	0363098795	1600406438	0798324791	2114419528	0489616540	1975336123	1524520288	0985088059	1423572890	0874251003	0453494647	0465068926
1720447849	1847174935	1445531513	0565640480	1956925738	1338824761	0294104861	1660527080	1928640795	0547673747	0637754787	0653822932	0128196425	0671217034	0413092747	0035168078	0511884021	0415251065	1950280352	1318971903	1634569387	1596874885	1573055636	0674896035	2116520438	1439872558	2092347910	1046603745	0230589638	1459546678	2042801112	1537224795
1908856155	0887194552	1099874343	0048849425	0673532821	0679819210	1108460430	0473809285	0443289919	0752897190	0969424206	0154200453	1781735289	1113028455	2086677815	0238597548	0757020287	1546838781	0282361685	1861463572	1076485108	2082967828	0161871802	1865079112	1713323772	0224413381	0734410335	1645981036	0118931398	1720214476	0072358571	0654758595
0821498937	0760267596	0289786322	2093286105	1782461581	0434916217	1750008378	0454779734	0588689665	0650037926	0938109993	2137199724	1104281546	1106266248	0103414410	0771718447	1618194496	1261988664	1694978076	1125945877	0146457375	0492842163	0353807062	0053072491	0783642732	0166189673	1421093011	2144597590	0886163882	0957272829	2084437326	1237404571
0826987249	0660530559	1194133770	1571591175	1831503772	0053299906	0310839343	1596608297	1387478414	1972264972	1447292959	0105492344	1335816833	1279466493	1239590440	1057665533	1462466912	1731050069	1797543774	0518263622	0263022722	1101543128	0178831509	1291549610	0309591394	2097165924	0418586457	0026155227	1504236201	1520337723	1555678455	0674390960
0070175854	0477055975	1323317574	1657817886	1492373824	1865346655	1914951679	0255451364	0551264395	0856233607	0430314302	1715034265	1055381821	1734824974	0817862699	1923041293	0926124101	0406292051	1699987344	1564850920	0217187631	1697797964	1275163259	1929580600	1310590853	0360699092	2070787410	1604016588	1344573725	0280178694	1679155834	1489496811
0756029398	2072836534	1683905304	1856944162	0280688883	1663967769	1774242349	1880721048	0466853543	1649734710	0929904553	1667323052	0184425261	0816459006	1953493159	1629527977	0617759248	1743731538	0186628557	1340032879	1271591264	2024602751	0620049342	1578635750	2118075212	1801155412	1089521372	2140124882	0875288171	0705308047	0002614489	0992043683
0215144873	1724902610	1556415417	0175609412	0824856506	1356354957	0718849394	2106250583	0633111333	2068186493	0840077509	1625198385	0864750502	1839847865	0706033902	1464641239	1767741959	0002848668	0632922842	1047701903	1507461968	2048712517	2105960868	0058838622	1058242334	0419343084	2005366981	1594493649	0206327830	1713232552	0838762488	0998476908
0964175098	2126755471	1661380429	1238491909	1922007839	0736731899	2009801538	0964165503	1965492306	1435728788	1167482224	0315656129	0947952013	0048305398	0120005620	0447310807	1759968749	0355010665	0954675289	1377255486	1954205836	0722588434	0523786453	0743446518	1045769780	1246525412	1649622999	1199861423	1199491031	1416763628	0247617860	2037548781
1308127205	1903840096	0334153172	0442624899	0313324285	0411355551	0902885964	0684947246	1396015602	1575379339	1074666710	1585923700	0052599336	1421261235	0676971064	0484310842	0849299364	1998092786	1743666163	1235354579	0732510057	1920263395	1482632649	1354175602	0597651908	0954600737	0124260022	1084084870	0963148942	2060020755	1037472351	1378073264
0666215153	0098341013	1402480948	0716783564	1745584125	1258287208	1761632847	0406218340	0461126567	2033213193	1454343687	0495477255	1692125366	0425089141	1942582865	0796326714	0744994094	1286075848	0653870281	0923991068	1063628419	0748960505	1377552468	0503131369	1485800544	0909895692	0385845157	1646423406	1111393047	0370179323	0343756302	0781157284
1342938077	0707130169	0562247885	0772156395	0388851944	0641884987	1350617628	0928325006	0889680387	2077113895	0559067633	1008752206	1862416824	2065405943	1352013893	0773030744	0051650058	0499131418	0830617144	1538633708	1966136829	1530808614	1446284438	0335149073	0000863830	1633488928	0617469648	1171391632	1596566975	0692979560	1103647239	1182886734
1521218059	1319100078	1641322965	1287627040	0954950461	1707103996	0915336852	1641108103	1971408700	2088314984	1984693167	2022052565	0708746180	1952740998	1872859932	1489063045	2055658824	0740942032	1902546518	0067824196	1754929262	1555698536	1011892327	0951339296	1143795957	1652525002	0581701963	1319330997	1227411304	0373873246	0150494400	1771128281
1082187700	1289667457	0888500628	1576257205	0796575043	0623692303	0528855514	0039808865	1200179838	0108640995	0568103015	0395078543	0065635677	1479712428	1666145136	1862027519	1964807749	0667797524	0923446646	0503462453	0607878391	1032408758	0026127946	1045724434	0484395190	0119452553	1889331973	1309265669	1710651721	0412408811	1425157608	1738802665
1098922279	1227378953	1977633636	1484115633	0508883926	1532261928	0102329072	1857795504	1704291995	0898676279	0799731802	2139733288	0736218754	1975308111	1053722604	1765652266	1388600416	1502399763	0720095315	1571608360	2120332067	1077411751	0477187553	1387265373	0539168532	1572010631	0291366176	0728604872	0710328510	0629673897	0129774463	1423497936
1761982772	1992440521	1235328776	0298839036	1770911366	1731464589	0174446826	0612626427	1375754871	0355689648	1628924335	1209766389	0168530127	2102397743	0302938863	1957227051	2108025058	0391941600	1030125851	0312015643	2039329574	1173144098	0985491979	1769805389	0323178326	0671981819	0381932360	0308553637	1835453201	2006843699	0643889311	0677552744
1670672014	0635854773	0932542339	0903435767	1335551679	1117990509	1732057160	1543853035	1640536191	0949218304	2003505412	0371874524	0917712098	0759678332	1123444509	1055638339	1751155706	0410568607	0561620038	0957350101	1235664183	1641057191	1115730716	0258938208	1172593034	0313693919	0181343248	0556674043	1581874369	0714969923	1328490896	0559011213
0060501266	1085012631	1523642540	1265162952	1358145317	0744658856	2094181723	1802727778	1746472970	1164719594	1128773953	0433290473	0195932734	0949029487	0977541740	1294124630	0638279594	0884319593	0025078664	0590311036	2130616559	2130177035	1185548108	1153774290	1854643267	0264252264	0291619052	0683724510	0172844473	1599166967	1441372164	1526422188
0738066654	0820708706	0363757061	1926464865	0484040236	0596191616	0033793210	1026797662	0209717942	0708786467	0482360960	0289887295	1642855669	1277979404	2015889381	0203327748	0682978259	0515505798	1156914988	0953263378	1269587426	0558352190	1869203587	0166414746	0908927628	1295462685	1652133509	0444330053	1054560152	0809935973	1842543525	0914834935
1795323672	1859714954	1752233440	1344174769	0017376143	2130543056	0894812114	0279220057	0599729304	1509656957	0285186994	2101791701	0854609204	1046260492	0903987408	2017047378	0338430504	1464783472	2010768343	0033387962	0658245467	1443298172	1684583939	0377860725	0596060896	2131749464	1843558547	0794440513	1255868592	1914143028	1696839536	0199249392
0857525671	0671197480	0084448669	1989572863	0283241004	1607792476	0381413931	0185252022	1826929251	0478736751	1654832395	0707350468	2117329531	0005913080	0596887798	0997105849	1543106602	1980138642	0636078535	0398342979	1243920354	0816086133	2129067589	1866442009	0997213534	1205484750	1221467452	1407284091	1986313026	1329735367	2147482487	2127987527
0893709151	1069073739	2074140571	2126018693	0015770818	0919649545	1110095356	0034723156	1624014555	0295472515	1024367741	0172224988	1924900807	2114204841	1176339425	1002261693	0150547183	0510768515	0994294546	1538177315	0737990619	1690272108	1489636640	0958651754	1637709684	0688755389	0974965593	0946494941	1329100058	0059778712	1825949435	1190838415
2021134512	0311414938	0533215227	0299061258	1210829226	0851762410	0444833968	0933924969	0518978060	1533163953	0230277718	0512074532	1469685795	0652248771	1588559909	1409691059	1638034909	1859844670	1784886605	0390105292	0232068353	0542505919	1828899118	1374036715	1543412814	0684192785	1600691457	1293671830	1618004582	0217587713	1979525197	1063326655
2119663898	0584913603	1610273302	1274467220	0968671362	0386053227	0848488602	1256517734	2086854387	1058759505	0521501493	0994829444	1938273413	1381810948	1208444378	1571811367	1237303422	1274459653	0841492793	1789556456	1566879757	2103596385	1121162134	1350467360	0550254377	1060730257	1431675652	1765902176	1293870492	0661949522	1420324794	2118076353
1820332199	1271233431	0305470814	1562054568	0463539801	1790247738	0300354449	1470653893	1890686328	0449590037	1412281713	0082000100	1638662973	1678298083	2105661283	1466164468	1598847998	0375427475	0502617439	1438113622	0447197969	2010984130	1512636424	0968964982	1025957273	1117685548	0901544927	1768458504	1308402248	0084036856	1510682713	0345198910
1404749823	0195060043	1314097379	1312823105	1370936457	0976984136	0512408790	0645109060	1850521364	1854388894	0283972547	1017933795	1558560563	1869339882	0309641164	0786166667	1783775925	1050259355	1540884792	1145399971	0693900889	1556038213	0278392725	1727145909	0604836064	1439626397	0102603630	0029840869	1171795532	1942463334	0934852844	1081387656
0728229831	0849465364	0493087492	0182084271	0126145722	0564790065	0548902715	1965667140	0079196532	1763735831	1391332076	0168769149	1824673203	1216043661	0443941928	0973794218	0586548139	1164632443	1811510743	1185394082	0712542955	1340629013	0553397167	0194510612	0669745150	1444942123	1397180985	1834618597	0864556153	0720907869	0195817909	1166649359
1350079603	0475673419	1709018999	0888537568	0049624138	0809232330	0753833859	1679634560	0945510105	1956830582	1887021516	1132120516	0844399992	1258726168	0549298979	0035741600	1561133687	0018678363	0394634479	1192186617	1058045409	1404591903	1835865897	0353090783	0899473220	1309017307	1831398881	0437880516	0031374143	1171727886	0805537012	0923649996
1773682256	1057172585	1767424464	1109161144	1513291248	1237173715	1241957751	0042872217	1146329374	1281991581	0729071516	2110763277	1316031746	1611474569	2136808866	0977582081	1972135817	1424068521	0614386632	0894749248	1370114842	0053002713	1758367533	1360660764	0072103645	0665184607	2105307214	1957777726	0625801548	1619197877	0945943955	0658612944
1177033170	1924615673	1616924997	1400355441	1500609414	0694470730	0395937665	1619997249	1496087277	2000325463	0613562856	2081931545	2072416244	1062542215	1820482700	1653220091	1526644551	0180354301	1115310990	1794537914	1538382130	2032832677	1501462216	2142612062	1875133138	1040130641	0958796707	1926451108	0252826337	1529592193	0329249514	1778707126
1758300442	0233062327	0068357761	2132621629	1469650173	0053549817	0216126226	1038633305	1562874319	1356192976	0143918374	0769525296	1265127638	0764622919	0475255985	1135656702	0147535978	1441053608	0467418790	0412422804	1660337959	0897567795	1496794037	0993938901	2003302741	1260550321	1143067392	0144951282	0949740876	0048954781	0296767466	1313772728
0151381042	1640534846	0926612889	0031417379	1898395338	1165902287	1678942381	0049475887	0465061420	1594294507	1154315530	0213845712	1364740153	2062401511	0248649150	0043086988	0461018277	0213183163	0966697345	1568487860	1213696095	1790589459	1748692002	1952768419	0186241032	1269351145	0882144717	2126643378	1924917025	0239297120	1777308656	1876535269
0983426241	1410685175	1166273345	1472863246	0368576553	1323288323	1166196329	0178455334	1411627326	1968619673	0310294782	1034106158	0637042335	1564544050	1502074482	1695548489	2122942580	2002630802	0704689783	0348869676	0822288222	1140878709	2014461747	1978886874	1072450229	0840749532	0034987064	1764549017	0026163649	1645784755	1115003925	0928663753
0140550275	2143943872	0636543691	1773768930	0366418856	1566096843	1830062669	1602485549	1382205016	1389094313	1213392054	0975539666	2005005264	1957566971	1378609557	1089757016	1805626296	1069741115	0405827121	0328359775	1857249282	1113873429	1255770304	0262216612	0438154240	0336886117	1278074927	1473860795	2101997067	0011228272	1882490215	0136472254
0176637982	0932163320	0975714375	0646372133	1604152805	1486489197	1746668428	0154814906	1371428625	0658917124	1994419136	0130172729	1674703657	1823685617	1797554935	0705846549	0463283015	1769412730	0166209454	1753552278	2035048565	0089186186	0008642496	1373025923	1734900846	2093043403	1998336361	1542463894	1915563521	1948745270	1288652493	1009869856
1319407551	0366570735	1971243549	1460105774	0702109349	2076672025	1722493131	1862491157	1167237027	0489597444	1654389651	1856086648	0900836614	0601260148	1468748301	2075656289	1830887355	0430597622	0034342564	1669855752	1949324868	0292537844	1093476125	2035665496	1868010915	1596012912	2118260954	0627953912	1286757626	1375094892	0000840830	1246927928
1972258470	1338013845	1697425178	1452199898	0972037531	1126680788	1760688317	1711371806	1777459171	0111273580	1864286170	1271249460	0574870217	0314809266	1747111101	1152369076	1859531686	0819531811	2058519266	1571750492	0214177297	0495238307	1971093624	1087799946	1125405511	1801944248	1462586142	1587465032	0187962496	0137225535	2099613514	0753042294
1260703487	1569844707	0395903507	1045903743	1350557906	2072060999	1534390441	1516508711	1625983181	1169914992	0400998612	0779987598	1011378298	0901988481	0633335994	1549096626	1722740601	1726752153	0429429913	1883493871	1972533117	1659038680	0535422112	0882955454	0720314608	0962298517	0651829662	0987045887	2116533381	1657405559	1004844876	0616430924
0893426540	0614197956	2018639010	1319185764	0933963920	1173627517	0520380524	1482056284	0257143635	1075975681	2110962827	0374901302	0249162416	0079614062	0191227953	1332670159	2080407750	0084313796	1870245999	0506364054	2130446164	1413831917	0366474964	0361620352	0374535054	0536083221	1256796182	0324278982	1990838035	0072150338	1449953858	1877548897
0839602861	0090240390	0546779948	0648060523	2063636124	1671437018	0608375119	0790981666	1105085532	1733957068	1263352086	0987691513	0082667681	2121278605	1953490388	1582955780	1710375424	0063652426	0359467576	0700050821	1838730281	1250152437	0332006411	0869234771	2045029303	0331725286	0439334190	0840952944	1306248901	0399955826	0433752472	1518298986
1650364048	0769770084	1084312260	0489925378	0723525448	1239795222	0204469313	0541908391	0376180610	0275655502	0819795535	0048477593	0866603338	0768207812	0597010520	0912210856	0642100859	0683811038	1627120569	0958642285	1478564201	1695246770	1346918641	1036476260	1816641003	1510328022	0826358214	0825757549	1467799129	1155308014	1862138771	1687136466
0328509074	0071550281	2102214094	1511317414	0275200382	1760528283	1169164015	0664230055	1094537279	0543127951	1545972707	0758641496	0877211033	0810594976	0033505064	0478895134	0021808182	1457894884	0050903118	0830212720	1183930481	1883604712	1687954157	1186539829	0641759961	1396789293	1693902094	0221785579	1666098708	1081712123	1886579406	0144028687
0476072240	1969552605	0957697377	0629880974	1462633955	0243574476	0652386950	1763450715	0894354758	1182372353	1465951180	0161600229	1595718995	1473365229	0215470246	0750995680	1223000341	1400745750	1618081836	1515995691	1593590629	0061656219	1168954879	1444248597	0478507738	2100778198	1000533459	1168889403	0343793465	1405755825	2070550128	1910985308
0164647024	1263595032	0775917641	1327087703	0597866579	0267608940	0872697762	0117976924	0710755487	1363425395	1440100275	1624620235	1885201687	0611025571	0239971843	0232476235	0955327752	1605782892	0966073995	1829262645	1041384063	0550223791	0546671355	0970421619	1885335215	0707747020	0192244407	1236343361	0171099955	0196340352	1357414272	1342887423
2003272038	0744525000	1991947578	1540370363	1089326356	1009974617	0932642031	0431475564	1905011876	0700906809	1192935068	0752359484	0522134052	0888830322	0674973322	1267999400	1785686619	0951038708	0386780735	0190813676	0812367561	1908053748	0286041985	1439239909	0049350755	0509451543	0334782612	0284204744	0625501480	0870922295	0342474113	0706243231
0687866448	1066919735	0231533695	0146443501	0259661845	0449858211	1624514837	0113777501	0998013477	1765224869	0647789978	1811553603	1905742102	0088913309	1864849698	0005046321	1061654814	1938319622	0010961964	1701618953	1070015972	0730381426	0504100530	0594620295	1541888574	0836094869	1260960962	1602259738	1881966833	2077409215	1227543579	0449535524
0496081722	1113984000	0966653454	0830811823	0515636367	1203904524	0432412834	0477839590	1608632997	1623148496	0772004431	2129760290	0623765834	1764691031	0265509300	2091270281	0114762318	0369963620	1013403275	0576038568	0623931700	0257433599	1654433335	0442799989	1108578268	0306828904	0765153081	0795754131	1859009848	0638935133	1164545331	0347419359
0069130520	0087996613	1490325555	1799827924	0253267026	0346317628	0879690426	1679563834	1904301870	1652737849	2011537845	0081506194	1927519419	1028060138	2100799251	1354371230	1738088057	1973407505	1322492267	0671785019	1369282054	1088720326	1561846642	1263894813	1519369614	0317056021	0853616740	1545787220	1936128781	1844202923	0887049710	0812998496
1774760058	1991921623	1104144678	0953409419	1576614866	0365332529	0488068130	1721013017	0608535276	1335256718	0455548276	0620673177	1326012360	1851929601	1900308036	1100362868	1817038159	1742877973	0873147131	1228070766	0720032845	0521675070	1764654436	1797940782	0748326137	1453147727	1869814005	1835775484	0981003139	1487799154	0140795610	1972321923
0256984769	0553398466	0216342905	0385389964	0438445596	0938739115	1973434943	1783642733	0959185058	2011015424	2038594682	1706716136	0839024773	1111733609	1799037563	2002055228	1768435800	0926816120	1299637149	0945389606	2079087536	1517797215	1807033439	1097273399	1431940204	1917260346	0402511987	0445477459	1011659971	1341099298	2015026221	0728583157
0345364505	2040421341	0195119244	0161604939	1674879965	0491926879	0003014403	1270947340	1939590318	2040196813	0716444442	0340927965	0489937559	0928251515	1802000797	0265521538	0149470700	1745671557	0580273185	0928179268	0587745468	1960788123	1829420046	1539339023	0935464152	0618222977	0947690253	2091356019	1555760884	2059775163	1204774901	0028453544
1477344374	0520967204	0604968809	1523187965	0067571868	1809019860	0123312794	0196409403	0370470782	0947340421	0506696889	1281953068	0081783525	0146170595	2115381644	1627514623	1139056922	1460458696	0191218462	1173154922	1167410947	1265187237	1766303312	1593312303	1826282078	0339118375	0140929487	2074909015	0008871472	0926458261	1727551877	0985489299
1724762629	1351238397	0624171354	2137814730	0703269153	0094661383	1835965301	2023773811	1720440291	1720147629	1096344689	0855496763	0931079076	2080178290	0522746870	0451044213	0082813981	0285175411	1907116220	1708878065	0667343477	1882213305	1924896825	2047279367	1641328935	1387964830	1557524096	1629308189	1218749626	0825939096	0224092264	1779847857
1603213536	0732580643	0959118650	0894896168	1691915635	1195107518	0757504635	1097341029	0421113967	1703826504	1665103630	1537305353	1115310814	1791579882	1214862187	2061744880	2097553815	0495419553	0722327852	0439152073	2075079819	0732090653	1313791308	0463655102	1580627998	1242048996	1576426932	1501693085	1727860051	1870002423	0707549516	1167761973
0722430278	0013142208	1837757862	2086575480	0666136850	0929786139	1824622601	0365575847	0282546462	0672043317	1415529246	0976196056	0152050112	0000692454	0900656143	1863051345	1992382155	0254371414	1727897568	0353066995	0499668304	1264125558	1102533535	1792216429	1175889381	2028306773	0596521333	1280379535	1552701805	0037958291	0162353678	1374034456
1505445801	0375248453	1788761979	1099006700	0498759053	1014729530	1391569883	2018107751	0980250339	1720391436	0899041644	0497970416	0645009353	0174745815	1342767256	2131108916	1815286546	0220805693	0229540235	1002099633	1721772057	0480818674	0138490257	1880959698	0182876799	0561261936	1381180728	1353755073	2119755593	2126031468	0230480243	1768428560
0805133440	0583266333	1841893823	0732711656	1013570494	1239004654	1949778466	1473708489	1689673772	0023338076	1401019578	1925341738	0934997570	1366313891	0594928666	0282229030	1779414634	0764485516	0313407411	1808454233	1354238040	1647047374	0861004988	1166019830	1507003935	0793002827	0715000107	1835793384	1281848439	0470767569	0860776635	1623058253
1402773977	1346754673	0428149731	1842311467	1309603423	0944832258	1301674288	0823846427	1559826380	1669089731	1959711803	0919578982	2071626662	0676939423	2100004202	0876884569	1766165469	1424068649	0616537928	0544359121	0763410427	1571739411	0027938930	1418161464	0118727395	0439019702	1997804069	1186166838	0815351165	0513878648	1726692349	1571787732
0840069977	1498608061	1417469211	1368933106	1666402231	1888055890	1336975158	1420081945	0183996857	0058723919	1277912660	0894122973	1581729152	0421791451	0205398210	1121494741	0498142268	1385842270	0243396528	1956582208	2007566992	2062856527	1453652121	1757229375	1558992081	0531928320	0144851779	1424877602	1327709117	0304553442	1176168893	0283614016
1434554219	0753853864	2015858595	1833391093	1708732895	0374954934	1150555440	1442522492	1532632061	2028187109	0732812132	0554786979	2078244426	0232549327	0036301349	0231416895	0330869548	1089331153	1090597796	0904230227	1803139017	0068232255	0023242287	1938577502	0050183830	1626041186	2144805027	0077590247	0536707600	1013315800	1253329890	0048367807
1168913683	0751867425	0842033027	0131851059	1965108556	1428493479	1970211740	1298361087	0973452042	1278047048	1005298442	1797063745	1040350807	0364159375	0098221675	1544250829	1883809008	0826589735	0421963702	0952937120	0081136514	0009274953	1265312487	1723896415	1825165228	0895573248	0186697313	0348131324	1297708040	0735109348	0509390645	1458753573
1597987259	0941372631	1137781768	1503781888	0327150073	0853140591	2133085565	0677087937	0301111706	1312970410	1699207945	1350393809	1461566367	1627975783	0299838454	1388260516	0084667757	1376817585	1036854670	1734126932	1970772687	2136262728	0388575303	0287346994	1897689702	0043696270	2111286263	1515922860	0369520012	0000134560	0114066273	1556437187
0541497802	2065345875	0342451017	0318068759	0694835130	0077957524	0267081198	0592872556	0084926612	1432426276	1496737862	0049805676	1712857849	0983580108	1849244197	1863879595	0880394376	0625949602	1960057808	0292434076	1496930996	1148325167	0465546180	1151721239	1708753462	0720624503	1875736488	0443215856	1655603996	0790746593	1449180915	1771597778
0383089191	0424059431	1816116071	1277730486	2127291849	2086350887	1186369593	2075570803	0394124153	1205072123	0728896404	1315139540	1648553856	0410644198	1832077975	1113995139	1153866627	1259067579	1992426362	0997358463	1493822806	0448583365	1673014585	1352739924	0090531879	1150868277	0257923010	1290029424	0529629056	0155827377	1208159546	1079607237
0869498756	0039374257	0338174123	1450755299	0314982255	0359569930	0272830852	0590543219	1737948946	1782852575	0563901434	0646067027	0771203557	1554372854	0205991423	0354207397	0339051895	1171083774	0717364863	0778058183	0795955098	0941694923	0112092471	0595001678	1509341714	1429348834	1313777696	0234878218	0523266740	0598564715	1263762457	1442345969
0713293647	1072607575	1337780107	2063957906	0637176151	1666105915	1202840172	1871201593	1534646883	1531562111	1225406635	1041139715	0738434249	0556426930	1723613472	1364709521	1547569487	1825919192	0682544314	1812126771	0801558443	0627833870	1416695379	1248040564	1344978899	0647487171	1017243648	0696678169	0989142939	0854464346	0759115733	0257777704
0995355129	0036042973	0183858757	2032644513	0486473515	0690122476	0329276685	0087886476	1786736643	1418922900	0031280365	1743084687	0052422035	0588846975	1146463449	1387906459	0576482699	1645990476	0277589478	1111875462	2035677287	2066182252	1514537374	0705976927	0507062414	0982880802	0833426490	1510671696	0160036191	1078736093	1260567077	1424685484
0246265538	0783909397	0353061034	0399481777	1056345517	0751794470	1763361989	1550620523	1565073716	1814236356	1897615186	0938789505	0672856026	0042343880	0856504003	0679892580	0194106373	0318151218	2080723543	1096879453	1253340723	0230438038	1059089125	1766457539	2037921845	1135762912	1932607448	0643217661	0126549429	0907442673	2107627764	0157072283
0656458218	1469775287	0008857168	0686050933	0618330188	0602101883	0583402917	1989977464	0640919070	0148836138	1818006258	0833848690	0016652508	0705827846	0148941694	1444602303	2128277186	1467040670	1292789483	1820784082	0276096424	1787920648	1991142112	0887805183	0625331325	0158610857	0745467672	0655566706	1518518632	1046987076	0230782814	0411288416
1922031666	1137192288	0186326116	0551874286	0369253409	1961788880	1469273769	0169778730	1612831894	1327050024	2112079273	1959140048	2047510932	1238274596	0417111895	1012995457	0164292383	1745594686	1435785935	2127951853	0294136233	0040312637	1077141254	0225911768	0147996880	0597498934	0531050366	0421464430	1151607204	1939650864	0910309788	0903105688
0082881220	1415261284	0767526016	2022967030	1045773906	1315871094	1058880052	0400051275	2037963815	1841152702	1161592891	0117884160	1299154586	1424887853	1499997674	1150374785	0553737554	1620427627	0139515735	1936299268	0414610638	1924041998	0565103860	1527887986	1751413523	0448731632	2017454407	0736915966	0808448313	0461762022	1975887143	0048095193
0882057479	0660434312	1723994088	1319271692	0230672169	0699161548	1925104499	1242688991	1595404662	0485337792	0929378838	1421565635	1498054570	0704880562	1407808682	0065695728	0341505938	1613995182	1551078617	0674324986	1108834483	0318067115	0667204422	1692599567	1952534407	0548168642	0365520464	1499208028	0763696345	2082195943	0073702489	1767151951
0824002447	2034570873	0650551330	0976956433	0046804469	0663695681	0703248049	1887450102	1892914477	1390868281	0963701172	0603932130	1279593188	1221469658	1444360333	0208971043	1040556856	1679741271	0591518235	0945173682	0597536515	1162674233	1112129978	2018360405	0931638823	0750427884	0269987557	0047924388	0158821491	2138109663	1365240790	1886672982
1716760519	0003761741	0946555224	0194792792	1117377116	0012695597	0774017726	1607471003	1420868161	0513027287	0302769904	1265016785	1049000195	1853019142	0884870800	0699280125	1770544491	2007847405	0333306877	1251330363	0802055870	0398154871	0229872845	0149824962	1257302050	0236467870	1470744140	1259984010	0215013003	1656047167	1796670649	0876037276
0410613900	1322859489	0401234232	0445085644	0868876207	0313611449	0942753605	0725491669	2073816864	0980442438	0654032035	1495106899	0555497946	1142564913	0289721317	1000747070	0464082186	0168694198	0564971746	1454931635	1787184703	0359532732	1795127713	0713715688	1723399721	2067163758	0830839540	0981475986	0845004095	0674467054	1349087712	0984830558
1390720877	0633765791	0182760217	0749351902	1513428555	1397408814	1368823720	1975553029	0875024900	0575614100	2079832612	1155387665	1053349483	1937024947	1873662541	2093745082	0906553433	0047056159	0598882217	0157567630	0391820654	1144954112	1790266455	0614964682	2020101012	0121216000	1462814644	1132930854	1578815263	0840166102	0966697285	1567546668