0000319333	1072062437	0765580329	1534060326	0263233200	0344079580	1919523336	1929362918	1946976773	1630294472	0615338831	1865972312	1692950643	1410617798	0033868106	0138091087	1614560449	0314102851	0611812431	0579825981	2001956228	0104542800	0409216354	1456623984	0165723288	0025011257	1604885234	0911521518	1941298975	0692823954	0635860844	1034577636
2118722140	1936656073	2116464979	0507773145	0043234837	0798432773	1781789355	2021715717	1489792785	1435497122	1568839056	0673796326	0813580451	0818259508	0002275568	1738249377	0389745451	0626671607	1209893961	0165149084	1111782864	0479382701	1773895810	0351407369	0523621533	0119119725	0590459071	0323673510	0404604719	1258285831	1738489608	0132340574
1602452573	0827977384	0121860328	1554617105	0016150686	0861640080	1102592839	0641455110	0568125830	0778530248	0140016965	1770537290	1886820198	2043536184	1006678017	1361260653	1564503480	0820214492	0647436951	0173196108	1066645471	2064429588	2122284584	1681110265	2125363923	1895953310	0924926984	1761183102	1437288713	1615337935	0496408171	0158161402
1781412075	2123221698	0251316087	1916624207	0448342049	1912183867	0981475314	0833709791	1977144309	1849931332	0527655658	1348665543	0331887116	1011727353	0326104925	0467207331	1153398685	1984300973	1872898948	2144804957	0076413757	0090792993	1244443981	1026750534	1565121293	0466379348	0122390286	1871686623	1096611505	1044905981	1761041148	1198951482
0938498173	0071406396	1831422546	0835618171	1839032264	2030613424	0709699044	0787657070	1063175382	1724702234	0336179632	0141599767	0455403093	0328066143	1217143552	1749940789	1466295058	1646190481	1491589866	1574266431	1697374777	0605110291	1753592292	0560080216	0847365511	1708080120	0141183744	2053239120	0875166197	0802774676	1741709078	0554881689
1522551749	0112107791	0852484918	1850607689	1157769522	0283030787	0222159004	1499801742	0004829308	1709284617	1057812000	1776654134	1613402250	0175605081	0752065389	2021730328	1735359862	1217790727	1889592779	1397664817	1376448433	1274967947	0794455463	1507133242	0818781929	0192670727	1959052660	0578780816	1615737249	0765227628	2048665560	1316754569
0875058848	1146043680	0775299817	1680737970	0163169152	0047320445	0745769725	1437204183	0194642225	0734281194	1622991896	0287511878	0373927796	1067316250	0453310359	1662707804	2072847064	1860883014	2056465037	1406062041	0774671499	1858015579	1108125226	1282486598	0458887647	0910906752	0198861401	0779011875	1792271013	2093282669	1724712729	0512569097
1191905162	0622598518	1472963842	2059293525	1699819623	0893447720	0970170216	1954972288	0719445316	1384493402	1195292169	1713450345	0204242145	1018863109	2145155432	1671879788	1607559568	0761896469	1896451069	0700827909	2014346415	0040501950	2111441198	1972431758	2102981614	1526124172	0024279036	0035865122	1489684294	1759572532	0138242487	2011656602
2077455093	1998615125	1932683148	1915507561	1008225550	1600844020	1710314524	1187589773	1108299593	2065589120	0135702438	0123242352	1159974356	0832453826	0195493377	0007207329	0874494271	0247132629	0324722305	0851833108	1633055254	1918645318	0057416274	0775159615	1471846603	0461726828	1384381585	1463467497	1368012988	1234364534	1272692918	1212748706
0900208065	0774655340	1586431266	2140810157	1655286861	1903109589	0941423905	1999543886	0362500099	0128057354	0481334384	0216093639	0490943596	0656846198	1548104206	0075523190	0155418953	0786228319	0672477442	0121933533	0637489893	0496716768	1049783887	2139628704	1125959113	0368914827	0566208500	0766219643	1541592489	0154761568	0474976859	0739353314
0970766856	1245282533	0087908469	0008889347	1226883386	0091090008	1941407792	0374227626	1811591766	0399663996	1971416603	0073657058	1003593134	1053239600	0090254979	0791977271	0658349591	1045826593	0053897856	1770650405	1640460356	1822143106	1642376322	1811528963	1491617622	2040761523	1617590824	1853491595	0235453783	1606853107	1773308324	1214948402
1363276738	1089105723	1596763080	1841432648	1571678019	1143607233	0628124381	2004346462	1622499992	0610015938	0450939188	0465142453	0808732491	0942974374	0140988958	0926954465	1477317917	0076304405	0400397576	1415793781	1127268507	0901063315	0116456561	0927818310	0963575303	0635935494	0141736539	0606646450	1802012841	0467945046	0667272808	0694479422
0542024109	0173569389	0897928297	1113300210	0211613159	0349443881	1883017069	0401372844	0627253881	0258754844	0238277933	1827701923	0580133173	0722481231	0869509279	0216234318	0707851902	1954996181	1121014967	1024515238	0503723420	0698983466	1079563972	0142343901	0077161349	1918153502	0381399350	2087672802	1928958528	1592844984	0414502586	0108012034
0734573723	0097075858	1613857333	1381734121	2064696636	0168109379	1473337048	1889315826	1037883040	1838072346	0929657127	1803801564	0466241449	2099689087	2023197705	0627761337	0197633248	1612280874	0655991472	0067626206	0574794979	1197767847	0372497551	0651508652	2034281758	0086362819	1948437208	0406021753	1452056152	0703582156	1060335510	1239613764
1449672001	1435345592	1169557993	0843367360	1083149320	0271745621	1678418625	1984127030	1096922594	1978411510	1672942069	0133963512	0961884128	0129644680	1389718702	0970079742	0434375770	1256650237	0018865014	1384194189	0461386572	2108149934	0343248885	0842934353	0248051612	0737684057	0832851868	0442934330	1218963808	0130728676	0281086651	1906803604
0749708247	1059950380	1209184795	1131098004	0838909984	1329958533	1603266155	1616948176	1789924894	1316766282	1071919239	0506335190	1645328916	2043652440	0813108962	1483878473	0817903100	0454577253	1480558792	0858599355	1536735292	0124230175	0582446341	0945190161	0874499068	0327755808	0296310501	0076012914	1943759280	1240980796	0803058708	0072983961
0428270090	1717701533	0786998510	0732175697	0595642169	1536655716	0934279990	0043365066	0839707929	1856118266	1432240340	0519195157	0886945938	1216386139	1905002380	0541307537	1015045667	0262433501	1935924016	0550201215	0167236523	1835631785	0713337693	1812888697	0722346843	0758333810	0000899725	0089292546	1796235016	2144288033	2125890324	0005756682
0115790259	0466698831	1196973773	2058881362	1215047023	0873316238	1922768468	0635721620	0842123515	1652682875	1087589827	1888902772	0538135403	1388080704	1357534767	1220563241	1242595343	0021462726	2094266833	1085687901	2135487195	0239094054	0511862041	0045833205	1519530809	0878776739	1355611954	1116099855	0020606440	0587569913	1157718885	1579458375
0911548058	0239873108	0720520737	0131741326	0120826025	1350955760	0168858589	1180407636	0657207266	1174123141	0260398504	2093467789	0541057275	1103859527	0455843856	1293518943	1195916420	1467818667	1483683180	1830580943	1723182079	0556738311	0514542998	0007520917	1850000493	1690044585	1960624873	1233160943	0371291804	1861355293	1404123602	0407581931
1904164034	1483611844	0631636791	0907879216	0854671377	2091202103	1116378319	0405783594	1744285133	0900965134	0613812141	1976697246	0778594432	1218757453	0957487485	1397193424	2043680870	1290931972	0666367763	0515773636	1363500960	0562637583	0879359740	0416691526	0390304615	1434606367	1630305300	0797325027	0343771509	1036741333	1976755620	1759686250
2049500913	0324146911	1918604385	1516938990	0267747746	1058126557	0620962692	1896923671	0053915135	2061058558	1299958196	2046259241	1675940429	1135276151	0194066262	1791489288	1839732476	0914174626	1434928544	0602683198	1763629534	1752282044	0013578550	0581423268	0930271426	1390906622	1608098359	1227422218	0557304844	1446328541	1076388194	0454134230
0477122172	0288406906	0384277863	1074716912	0282185067	1040528493	1203044330	1007517805	0443192040	1255328484	1426482460	0383270112	1317315031	1704809094	0999624584	0925812807	1616824734	1862718847	0699055563	0143814604	1172946553	1960320458	0411825332	0208560643	0585414997	1447267672	1827977382	0914805292	1297113771	1484648500	0874845007	1846985287
0405601224	0826676190	1875012887	1166555731	1923957454	1291656499	2106074817	1973979465	0198005752	1430504661	1412409262	0078232496	0593568308	1041012241	0743462378	1312328800	1653086910	1435755131	1610229025	0530303681	0756831517	0521665038	1596046612	0537173207	0248838061	1070630518	0321637813	0550383592	1084963115	0691427128	0781726379	0170299507
1775596345	1015011703	1839084200	0756018129	1883438451	1041089177	2036525730	1293578224	0044768540	0805575330	1567660622	0195208911	1668638208	0813415683	0196487379	1681013414	0497589166	0679791544	0643477968	0206561884	1352010836	0721651745	1960723606	0745082827	0629927732	0101012014	1196838168	1927251774	0824717917	1174573281	1383450543	0847830132
0927030679	0610762968	0121370516	1912281409	0473380061	1819256739	0375846387	1100820482	0918222069	0740826341	2105611528	0629932183	0175819971	0068754325	0207738189	1794816148	1919693674	0497266390	1697346253	0125707423	1788233360	0804441755	1843018420	0306460612	1017720378	0119144691	1010062633	0264443296	1354810229	0526409662	1882047241	1281342824
0562830852	1980148176	0796316473	0572873607	1117523348	0322933174	0846679449	0914854321	2121144174	1841592218	2106087362	0037339633	0501986907	1578180533	0909694034	1291546445	0256397239	1416199991	1511989036	0825733101	1056901593	1507829214	1778565098	1518719493	0127890609	1973818463	1787012432	1759141329	1480948254	0961836248	1472409167	1326805388
0147965668	0072918850	1481433160	0521716802	0318560513	0369810020	0579331722	0137396156	0672273367	0987012302	1552070286	0161436693	0994653090	1121775382	0919908261	1163367874	2032736030	2024599734	0569342623	1901817376	0698036484	0196023027	0319100291	0851924278	1017865797	0415718177	1211097148	1059760170	0159808972	1554833654	1508206082	1670134633
0194026894	1129831312	1024454010	1622148071	1137730632	0644339136	1795310578	1639644096	0988163168	1567322325	0951902173	2014135108	0784032495	0274485473	0482470955	2138573260	0566980981	0864405928	0343559941	1775885251	1575687551	1959818500	0565351814	1400283570	0292673517	1226248589	0159475064	0237809192	0392022877	0248664743	0305158539	0608615937
0543442498	0390113195	0364894074	1708889533	0860086153	0755545514	0382649087	1617166091	1157455005	1439394509	0500229308	2102985198	1586360460	0950773715	0228010678	1064638898	0552211882	1748262087	1169637955	0039805047	1136010712	1802414754	0780445896	0124058196	1986962582	1509404824	0342554957	2064988339	0775794406	1403360705	0470473934	0220620484
1411699866	1040315806	1923381215	0196742214	1669057965	1425820641	2144980061	0871903038	1793436185	0201492003	2041866749	0865771383	1817925656	1626654523	1715741751	0061197141	2043165521	1219395917	0950733698	1702928606	1606517473	0427274980	0025273292	1713940185	1994532084	2028489765	1524584230	2059761253	0970989531	0692813964	0467958914	0900352284
1051060426	2119583207	1376223613	1791385501	0095384367	1102255507	1414367127	0771814846	1090888842	1500873055	0830517723	2015148608	0638057819	1451914462	0469681973	1942517486	1844985508	1155053923	1886598628	0467092841	1376648902	0349283136	1328859501	0311704507	1105034116	0869808356	0947854163	0551224095	0178911507	0488592349	1941627162	1913695569
0618847064	0699302227	2142012805	0393355327	1168315423	1434329840	1277683305	1334320782	1905141100	0725290930	0847480138	1487132462	1820605048	1562039280	0206594385	1898255143	0957128569	1807343153	2007669303	1634913857	0943931234	1190549449	1459450244	0422034874	0001641277	1815138775	2032185790	1366650642	1959735429	1316661164	1452684660	0529497877
0098585571	1217799960	2044771810	0299007729	0311167323	0666517216	0880146560	0755873384	1598192883	0102327905	1838181735	0620674403	1346617742	0274234061	0551956765	1755477962	0040281201	0548796402	0178864549	1846852890	0327888492	0378846842	2137343786	1378047933	0240477036	0133320398	0890485365	0573993612	0614094560	0280862438	0285939360	1861905181
2056156630	0517632886	0399661005	1921146866	1298744217	0970267011	1434322206	1149378667	0991851504	1280159714	0005653905	0535900867	0339456151	1522963425	0588695382	0746123545	0941405982	1698312025	1325051898	0741830296	1799214037	0673086452	1767630015	0268889507	0920350861	0012211486	1227498737	1843359677	1746999717	1427821835	1419309267	0082499593
1443707236	2117271646	1180523532	0457587691	0537382730	1622807475	1482915425	1811824540	0016929320	1063239836	0660496965	0629519412	1828312362	0102363211	0284086030	0777758929	0061360414	0492327538	0294439275	0838572237	2095895645	0543843774	0691907986	0273572197	0165426752	1483581646	0124099005	0525355798	1349624169	1411128769	0031823115	0127665702
0341290161	0134914790	1917627945	0138297439	0787751219	0498053978	2049435887	1378738576	1110695702	1534803790	2021214413	1654311045	0534955606	1632323700	0360835475	0068009197	0569273775	0744689040	0454000564	0378081357	0009255626	0940483598	1228189666	0570901498	0184542090	0632520362	0725671484	0801000275	1984122529	1021274287	1867634785	1716846943
1456289909	0993375704	1127585350	1931276322	1893303096	1479936873	1143424957	1859578943	1613780210	0085527860	0800183177	1136058325	0455162798	0584395372	1490299473	1361467750	0750215465	0994828718	1926071531	0315726639	2133013583	1614770110	1690391631	1350976054	0509939847	2099256999	1203545630	0842932317	0213832560	1143694489	2094635973	0847372940
1832939323	0558285446	0747437179	1544816150	0647740820	0985355097	1616713262	2136692590	1170814996	0494980311	1929922146	0608503534	0801768924	2017904390	1857329306	0311353150	1642227958	1465458862	0477146191	0692094239	1256442721	0826110896	0964051217	0044687504	1591086925	0931576031	1842566387	1299076569	0113656134	1105681955	1020620194	1611711969
1831823372	1129849812	1335383510	0439057773	0490179719	0703267341	0064207099	1091922099	1686954278	1561442652	0916485824	1624527684	0329697030	0710173950	0179467624	1245316180	0653413598	1838454475	0909648289	0522710230	1982719380	1060869161	1618751533	2034174935	0438472305	1387637278	0347324926	0629478736	1144670830	1324129984	0279607227	0664444553
0404637871	1815471495	1181759889	1909686967	1965749954	1471051430	2129639746	0745266473	1568982407	0935612936	0971352018	0342682032	2053254217	1128901476	0429085887	0396416183	1072514687	1924095138	1458227840	1351927316	1465414752	1883273068	0408980743	1791677201	0703018973	0184853417	1570025957	1294688610	1527156866	0200897918	0647014742	1667064033
0126060222	1275275212	1663691024	1417956428	0967654637	0477825328	1368931563	1640469030	1967927024	1553844921	2070439727	0055475701	0372203909	0011234852	1993080275	1250256019	2072909085	0755786314	0134807393	0112606566	0645461755	1335815288	1253499678	0754511076	0176718797	0142937378	1461794700	1170601220	1197014373	0593761915	2147481443	2110441019
0194808834	1386995010	0290144885	1677203505	0888958013	0673592312	1679684447	1783960914	2011885831	1635139602	0443060155	1186220936	1724576251	0366266998	1161303084	1689548852	0071291283	2044202002	1459662908	1848795075	0757937082	1923026817	0682825969	0103451415	1393661482	0664390145	1637686262	0295101835	1236799922	1402069741	0248078456	1188851165
0833678467	1450681841	1227857296	1427209849	1871078800	1618348579	1704177998	1130212347	0986058314	0550779499	1296521123	0113948152	1718661187	1883517759	0226535086	2034167918	0320537586	1386221226	0170059079	2029690243	0226181506	0386516152	0038934489	1536927935	1214497429	0226224468	1108578486	0310492830	0067731600	0198668290	1828362592	0946578821
0591387571	0896587481	0053042168	0274004071	0981482129	0948249496	0753134885	0669396777	2032288053	0937901236	0776104472	0172189026	1320487473	1336950613	1007554130	1053706315	1491883043	0059241329	1384087942	0823176890	1044336256	0775607661	0412221137	0418404337	1260231681	0082652206	1861190280	0778233758	1599360476	0398710633	0980630191	1662113059
0666902437	0912104966	1009891276	1679413491	1524970716	2112980514	2073912006	0432010385	0156330188	1068969435	0321103243	0155800190	0751227637	0826534346	1638524426	1497222301	1749321008	1787054026	0310728040	1873422423	0205431047	1673386200	1156022288	0982040007	1734570454	0835112353	1927683726	1642084240	1197474083	1877656944	0508065143	0655877929
0306792652	0155865717	1852539926	1420622076	0672043986	1426773129	0973576701	1225707214	1798003674	1805351981	0754296204	0860332387	0599033058	0545268670	1017814941	1708465032	0167948787	0921750951	2068687646	0673021392	0674166595	0594240593	1602688001	0489848486	1578685251	0802554872	0194946897	1559936204	1367418052	1972693417	0058233486	1625139817
2027881773	2043480921	0077872776	0990205209	1528167060	2146842947	2116656982	1587283919	1438963599	1847859526	0066550568	1823899936	1104647074	0807244403	1702483122	0561718826	0470196370	1998053277	1079638400	1393255297	0280089791	0184963113	1266202982	1658060351	1272515785	0383158022	1580902048	1553040052	1427908326	0725479857	1875292580	1572388688
0202919234	0259534402	0455407357	0399731191	0953279321	1537541427	0788039238	1043822017	0722727376	0711501000	1008360504	1721532251	0745366526	1103089531	0399422966	0067909040	1033418723	1968224172	0105560416	0332419290	1366041183	0306492604	1555409922	0456124123	1708999118	0554397601	1976419321	0402476251	1992346154	1796786254	0671526864	1325438263
0793015910	0934886088	1640119564	0389419256	1586763183	1276888235	0856481174	0296205577	0460038893	0932545451	0955739151	2077714944	2070963588	0270072940	1482956469	0354167401	1814322770	1202491637	0308341142	0411533383	1744224741	2033440437	0978666301	0867268534	1210738749	1478599118	0134613142	1142797303	2048016400	1143740684	0723551691	1680861323
0088879376	1294537767	1139422212	1157436785	1133170969	1319494387	1826023387	0286266032	0909830544	1438386368	0736272697	0734444465	0072120299	0945088385	1311433483	1637879620	1397386094	0986918266	2119090881	1691635119	0775442400	1929646804	0275797834	1064485812	0126779127	0473009665	2036462108	0224283270	0695118405	0543993155	1055070806	0802563163
0334293734	0657566786	0774124840	1260252354	0430103317	0316493017	2128626747	0899661456	0177732465	2147269925	0702941640	1032601333	1115252324	0808538452	1976728195	1298754275	1139311817	1449511667	0888095701	1213100057	0362913381	0631636987	0911173388	0385245359	0155553008	0891807057	1312834586	1563897624	1375010935	0737259178	0134361456	1207677995
1576114168	0540035831	1116319395	1562931573	0170977307	0282479063	1686751971	0308752550	0883616698	1096424281	0045715860	1694797041	0230774279	0267840671	0472433385	0940858736	1090683091	0190299645	0762983132	0832643287	1232280757	0610391231	0316037698	0918531255	1642348149	1338025352	1890823327	0604648583	0436116877	0454664528	0799906070	0773688270
0365271305	1606560009	1142177532	0221459791	0485547086	0152015802	1571527931	0768561864	0105111543	1378145367	1878050274	0676311512	0136638613	0825150048	1994948057	0429813388	1886107255	0798521418	1124162223	0233355655	0703354163	1523424453	1894742037	2041898143	1393410341	0738430652	0495972151	1419907850	1552949486	2053249211	1044765634	1549712766
1340787346	1067016251	1853678107	1222677320	0266699097	0613351990	0685390330	0252993802	0049209154	0277047183	0587457985	1424028636	2091523084	0068655045	0686622876	1641041601	0853709586	0958766295	1415316624	1697625396	0522296530	1472114421	0667976660	1786701751	0832493056	0854831987	0495607079	1726593687	2061059145	1309823905	0355505938	0688794012
1624102354	1771110308	0780115489	1013358688	1974148506	0891594192	2030179825	2012135239	1531972564	1681439265	1212415982	1750566738	1249201666	1532267390	0194128906	0696863349	1953979552	1214400540	0745294692	2043259140	0645366803	1887440671	1734407660	0246517242	0719331231	1614550454	0146116886	1212694481	2136332137	1555132366	0086207725	1489255997
1003635794	1770226220	0953634002	1056214053	0689762669	0724451377	1769498396	1605997916	0285015069	1359731873	1640101784	0090590796	2141086296	2001387740	1287383219	1152018208	0257460504	2106625670	0494747601	0166248823	0267743414	0985318633	1003862814	1290784066	0327995268	0025947427	0159225248	0334118974	2015342760	1753686836	0001597577	1080672875
1599807446	1468484482	1936617650	1470689618	0343632756	0852203309	1412572520	0674626055	1873933872	0211419802	1394660076	0267890327	1307001777	0168640876	1816272539	1760004515	0956129827	0053871888	1334206229	2127332476	0621685229	1155701148	2027090968	1637323168	0635031918	2135203883	1919920211	0009706455	2075115660	1334470340	0123795112	1860277088
0462601343	1049969661	0966965028	1772468747	2136563292	1145187157	1412103285	1378127998	1586129491	1363845026	2050387551	0193486248	0633128578	0210539561	1632835118	0366303213	1769968589	0918597079	0601168470	2075399802	1815077640	1004689845	0158308554	2107112092	0080107567	2043115547	0379482899	2090135550	0370691224	0357341821	1479708535	1600715485
1697510426	0737479387	1687930472	0788466034	1774531448	0297157000	1418219725	1097920022	1562314730	0541115241	2078094089	2000802662	0043911861	1439756906	0148584746	1887828208	1805291078	1878183130	0761738657	1391588432	0182377147	0753545360	1125799161	1975568857	1141113332	1662803214	1528919287	1904620254	0561366796	0996079101	1466422142	1634607622
0092006883	0171456741	1897875360	1016566629	0055438071	1887240146	0511667632	1073368436	1240669052	2006028241	1970872234	1661865510	0801313688	0809203879	0275657902	0860132335	1531726388	1838926527	0253491665	1974341654	1990348981	0442554348	1275057275	0148307512	1523323664	0200781314	0834734961	2027307323	0978634359	0330419340	2112619885	0307787697
1847201503	1892059889	2060193294	1789851677	0086208163	1496617463	0173743330	1673871037	0714743159	1812235642	0483869693	2024842709	0358056154	0600601384	1134319988	1303703897	0575746538	0010750784	0299800340	0747678518	1306033429	1073485216	1055906865	1969304894	1089385894	2010629783	1999577336	0924694249	2144573251	0477098309	2034825112	0628578909
1053663970	0780190628	0128736214	1153516169	1811370914	0982771726	1147669805	0188295281	1435375736	1676188201	1004612861	1011922113	1451952598	1110633725	0493156351	1339397484	1329925734	1052013362	0955709383	1577404168	0746229361	0572371847	1274377616	1610180581	1863589020	0291667645	1500427061	1924631153	1877097357	1840504669	1007520495	0488402870
0904537256	0520924479	2034373381	1626270580	1705262691	0033294775	1239535205	0129330888	0410783852	2031759106	0637823595	1810278988	1958124267	0007665194	2127380385	1426891792	0820462095	0513933278	0497375112	1377153260	0236093454	1620385369	1576769176	0811337052	1768158161	0555504741	1256768478	2006141501	1726949407	1597194244	0498071408	0194898250
0742326075	1541837102	2118488612	0159234624	0491701406	0508456986	0799132289	0653652885	1565183790	1516766427	1662448699	2013036623	1649147923	1805193679	0241198137	1515446670	0956129270	0044510389	0761798767	0254373555	1763881355	1689670297	2112417398	1199555982	0360911438	1344719338	0580012738	0845813833	1398831738	1661536857	1720093658	0189254092
0370243037	1414597500	0348726563	0564471678	1640223347	2133700137	0268781306	1249300301	1042542188	0687477843	0978086441	1858979749	0133061240	0829784153	0423455853	0261715213	0601075835	0518483357	1808625220	2080532902	0040259813	0189328286	1617221595	2090310733	1167508258	0753209567	1924577151	0969485743	1188452812	0581010537	0435952450	1986107233
0018456063	0953405673	1513655844	0922487746	1567099329	1498975695	1153842908	0860422346	2110973971	0562198510	2089794417	1079719834	0614432888	1672173840	0107240591	0653833104	0299157229	0676330176	0450324461	0870843999	1174036888	0958227980	0957791007	0056036737	1211601373	0944335157	1536832369	1755803314	1213504971	0725852038	1688087706	1283614225
0083561813	2116569600	0118654645	1363794099	1194457462	0569431678	1251081114	0907895221	1123667412	0507001766	2111053513	1899060904	1614651814	1849674406	0504467670	0322691334	1077041863	0702930878	0851724399	1953466738	1185470230	1992362391	2069681513	0197074885	0817808521	1012471647	2098035948	0008694296	0096144876	0999228388	0709397576	0015851688
0131347988	2099928847	1757876731	1701686138	0051710620	1516996952	1241915080	1473184367	1470689906	0348473172	0600696435	0584358498	0870558155	0664824074	0340796377	0425821690	1369632026	0528248789	0580000025	0632146442	0883648985	1639071890	2108515161	0039168133	1168815349	1246651534	1621871806	0789512071	0027922484	1141753542	1685394449	1115200413
2083553922	1422419072	0809384700	1167232802	0418587869	0049886711	0927329447	1337189450	0726720295	1248497576	0436044995	1394027401	0371939837	2015427689	1033604892	0802199261	0660643761	0949236137	0155740996	1903837726	0294320582	0991182633	0775863052	0409610380	1636568025	0828245399	0331421139	1769986502	1219660870	1108831475	0267511659	1385179642
1991509614	0621960356	1484793343	1161737661	0403549903	0709862495	1387294380	1026689181	0533961422	2102942388	0866852790	0665780282	1379398704	1468048763	1055939358	0367931098	1212544373	1760950628	1825065489	1366743522	1373285942	1810072885	0641634793	1440574364	1002699470	1065814281	0979521140	0202162078	0418915392	1259598478	0177827620	1599056363
1729934383	0226078348	0800223293	1810287937	2108530110	0290415976	1938462648	0267316299	0249247769	1514141933	0502250981	1721504957	0286636268	0689936055	1491066232	1363484381	0283994330	1384040676	0028777228	0475050421	1975709848	1363265422	0898917711	0562512132	0918388430	1389372021	1585863116	1181847695	1237958762	1551340798	0785833759	0483558463
1088967393	1419334417	0505195643	1820315310	0987380008	1289654087	0663791038	0158429501	1992384674	0296708247	0318478995	1147220641	1229130521	1351465954	0153754559	0730045772	1305214693	0197891146	1651805266	1370000893	0285345517	0471120468	0349499187	0665061364	0033962113	1718066736	0482514390	0721101658	1305345985	0257032143	1349613284	1228184574
0485320254	0634617672	1615422302	1914364340	1121463026	2112591910	1985095519	0194448041	1765598000	0476551754	1438809815	1410695485	1339553515	1804855104	0993219053	0642235640	0801591658	1186078375	1476037171	0025642853	1482700971	0354979809	0436078497	1957095515	2044783153	0489649530	0382315406	0303956818	1886127560	1139787553	0855272031	1448975646
0469125342	1177154857	1822325435	0411812531	2140897883	0982214096	0365516983	1440702861	1014864902	1519283440	1016213250	0558648159	0401103629	0397524670	0375502873	1769831625	0764126778	0726548786	0513429460	0619640574	1150922915	1176223876	1207713297	0021951235	1714703008	1930396363	2136217712	1779475038	1779695544	1190772592	0914847351	2003999384
0084127340	0883963654	0485262832	1817009765	1265660015	1122348570	1963544389	0909342474	1825328466	1491630667	0112525191	1425275777	1577385401	0430812392	1496498307	0318572085	0564300624	0912802416	1994515191	1744569114	1378866507	1113348372	1021071893	0613482474	0730951271	1491550857	0918642168	1358979293	1876391606	0716365847	1167465447	0033685090
1357108469	0498223696	0606919019	2088112730	0732893836	1927986107	0281750766	0183682527	1218230550	0691763352	2137675853	0516647061	1010769406	1405758872	2121761057	1472126564	0872064061	0204782452	1509868270	1689240938	1338631626	1343052210	0477879853	0137849591	1850704471	0636900949	1335753195	0209902627	1665303615	0603485954	0223164097	1212530617
1529753536	0893457668	1137366252	0962655417	0207797021	0636121925	1127598709	0008317388	0203903061	1762329262	1373447010	0222175467	1776495383	1092757840	0700867736	0536235157	1662900887	1023025751	1239719175	1073831031	0425568629	1411403093	0347419289	0067954030	1789565653	1721453736	1573248568	1770020512	1791266940	0250213287	0561733783	0721578669
0732535274	0196601867	1457729583	1567656505	0126014492	0506691102	1184690959	1780056576	0816186475	1668031936	1361220414	0888206607	0929613552	1071436539	0983530878	1021835587	0563985650	2061485339	2030415522	1678527424	1665228176	1483066328	0053083967	0976519864	1299323874	2122627622	1004098990	0965226804	0475425390	1835362890	0488986722	2127403232
1810881321	1344116763	1189952948	0023992525	1662925686	1439822544	1251762612	1624413872	0564342393	1614813999	0280550407	1484085284	2146291930	1445648851	0390256599	0627601455	1805463768	0485616666	1321446862	0281532360	0807900179	1986692119	1258700477	0117510342	1458846401	1010663808	1778456933	1848273985	0589912040	1867141728	2019972532	0109369901
2081407922	1861819071	0608905860	1121211065	0025367030	1141911104	0038571689	1881799276	1408762363	1061826766	0533349592	0409850166	1371684033	0656592086	1572211116	1513433924	1487645600	1854980826	1642639083	1932785796	1493228850	1203383108	0258908710	0676820148	0095349277	0512497877	2142394269	0362169834	1019744440	1925300020	0233843144	0306647198
2006187633	0354806284	1814611116	1753755565	1156725880	2069892516	1595918659	0534150783	0990565421	1139799203	1051073581	0193195645	0043931251	1765644636	1260363006	0142347834	0143263280	0496778673	2090221222	1810580528	0583656106	1950357693	0471358443	0054177718	0031840098	0413098983	0139976530	1090946245	0318161629	0108217573	2041584049	0409399777
0244447051	0285369446	0873295171	1568695399	0406836774	0117728570	0831637103	1501215445	0142615512	0347160132	0007269625	1921503143	0844240815	0730921976	0999189792	0060714604	0375617103	1542211588	1970023873	0288364065	1811732823	0622925348	0523544711	0975456018	0599133328	0083022913	1649211888	0732769787	1990578211	0000255664	0001977554	1024495373
0169852365	0702931692	0865405297	2107569195	1320186747	0577616025	1366447735	0696961127	1449850751	0144629548	1984808479	1812617702	0462701172	0580312017	1580828692	0320145760	1243252585	0330310785	0288136000	0126128015	0267188516	0249082535	0884537742	1544025260	0240154472	1154438191	0127925492	0412613397	0568667216	1287670162	1679701915	2077545590
1372114557	1449958013	1947381982	1998191194	1250125772	2031331403	2039353862	1581352514	0534087526	2074888669	1814399897	0351281479	0555271950	1639217435	0259722682	1472345670	0259611309	1747983306	0779132982	1680232715	0261282955	1926050217	2104985888	0852218938	1675249123	0253914444	0490053719	0733068988	0576798477	0510820381	1866006408	0118518468
1222550907	0289559453	0427782469	2112189974	1672208108	0683182867	1806868807	0477787022	0725122621	0166194422	1500909454	1442275716	1680035123	1235321505	0176635339	0887742419	1717940424	0507072253	1148244875	1263562183	0223824498	1574471989	0857220789	1989496647	1149762339	0997775867	2066680893	1305262073	0994206806	0063531135	0468413386	2096212247
1570006294	0964212569	0609046921	1344539645	1854879781	2091859415	1426402868	1193051015	0553597066	1406729458	1254530783	0904423635	0758779979	1057211167	0268388491	1089709537	1007646743	0462769359	1726330926	1939802312	1308212677	1192884353	2047476126	0653290154	1911214814	1874470719	0644272743	0679443427	1235126490	1193985528	1227571528	0919274367
1246929651	2001216931	0564080003	1499792563	1998041502	0881735975	1699367525	1884971222	1032567610	0548469863	1133174517	1379125623	1173343690	0045067429	1534035459	1992777178	0451072034	0550401528	1386413467	1253569919	1935051563	0919269173	1159634093	1556104526	1392915316	1008480065	1583510331	0293295846	0948313857	1834850212	0462342164	0988915502
1326897981	1704176219	1100312694	0973763741	0074321200	1428409493	0558659038	0583946982	0396659684	0870068700	1028488477	0709958236	0848929720	0080453372	1412609241	1291795902	0154053744	1463480773	1591142720	1869322596	0019115362	1296825731	0938527514	0564540583	0650826035	1298956074	0235980316	1866358650	1743682468	1509392714	0139022187	0083688973
2106264073	0859837763	0875822078	1088748408	2033820816	0929245213	1323213907	2062970264	1217746233	1141782121	0018238055	1584312511	0890633224	0911576178	0712485948	0382512364	1466746277	0639893626	0094068006	0453012650	0954079935	2108559043	0776692907	1472081483	0114387694	0516108993	0557395118	0816080012	2026191942	1559778715	0867984076	0351951261
1074879789	0872175159	2072006538	0619064414	0057336383	1579915225	2147375067	0322579587	1346393681	0803408128	1650718607	0286392256	0883793665	1923225003	1866254424	2139439733	0097407163	0739649527	1654251453	1680876509	0344110478	0291342375	0328581465	1288225818	0281194072	1564744704	0579498966	0800782417	0470066770	1967349724	0441098409	0427410619
0157474318	0971009522	1028802701	1696153710	1557473692	0782168161	1152878640	1833839246	0650905778	0491713028	0703787940	0223979904	2038896984	0345054909	1132008663	1111970268	1481598082	1146077209	1338821720	0242994774	1646753671	0219705961	1073697334	0326006797	0965453682	2141080289	1900428091	0970643606	1321303430	0018354383	1391953560	2024116149
1031664116	0395831734	1987098579	1647622756	1941515674	0039916753	0865969807	0857870530	0024791752	0063148346	0477329604	1627232883	0698820036	0480279609	1815843037	0983815342	1507854741	0060113740	1014314090	0851720744	1892037153	1678069342	0408694943	1283203895	1777080091	0182526961	1123985611	1560005065	0377281232	1593940280	1643273282	1854350154
1780353014	1503452647	1236047527	1641468858	1592167044	1905266888	0691926199	0579678088	1663802224	1139411181	0972038768	1147471047	1142736869	1032302162	0382052621	0182296617	1547561297	1688269862	0050142823	0936836537	0061577555	1994332678	0824556770	0613659299	1555365399	1855309709	0727724723	0950049796	0946005927	1700176348	0446473854	0578201560
0470116245	0651392402	0080468008	1658596493	1693519791	0238869999	1041136950	0691962894	1196410953	1189500210	1004759547	1329790068	0919358547	0514259264	1681254520	0254890414	1860795980	0593684599	0848031431	0015295678	1523906153	1400739349	1510500229	1573157616	0241390248	0449288953	0646930219	0246485972	0193776341	1213754335	0621945492	1234974095
0780166410	1869187935	2050835229	1275159453	1865613158	2099100306	0717490026	0734189077	0074781477	0574350444	0168919043	0048974367	0625949368	1956124970	0765218867	1901419433	0452259424	1179512435	0643949588	1690628283	1033418924	1971602379	1048510643	0067569619	1771220917	0491637305	1578595126	1435307644	0531765957	1710984132	1704273194	0582687872
0709634384	1848400097	0561992777	0779523533	1801772432	0722341471	0668029790	0532325270	0374057137	1093666791	0945204850	1121494744	0498125461	1103367021	0768230106	0971638550	0863458062	1592645250	1352624570	0299378490	0100214158	0672174257	1468770980	0309439430	1690708272	0230310400	1061360906	1293575160	2140755539	0737322135	1192479757	1689848481