0000235298	1807169839	1242264552	0904309330	0985139491	0140506867	1414385616	1082559469	1095538099	0184040515	0792483925	0583748781	1360462771	1039402588	1607311818	0892929513	0850599755	0231444206	0789885525	2009596568	1814202007	1320311543	0527578750	0056072787	1817493723	0809607533	0617419739	0332571069	1769507189	1753781867	1598783594	1440473094
1448138227	1427009738	0655296870	1278352274	1840264530	1266471616	1878024695	0246405259	0984716597	1622861997	0251783032	1174634234	0260403967	0037800783	1810084016	0828713510	1756511775	0235707116	1569653544	1477994260	0706182971	1822560275	0063801117	0711033566	1742131854	1218026980	1565329656	1820852642	1428384344	0135979795	0489814157	1001717748
1745881803	1966394060	1559122737	0580380065	0577027781	0069765415	0021258643	0811727499	1887949949	1703908418	0894348581	1078555514	0373059471	1505763504	1419915480	1681186896	1265817493	1621597669	0477058806	1370898191	0333847474	1747209554	0659585000	0334509186	2131184903	0944916408	0568499691	0619561134	1963258482	0399070819	0591825352	1811921807
1651695789	1677504601	1654511191	1751325781	1121535485	1182926676	0045039606	1066414298	0326588624	0006801836	0501824361	0993753558	1035726587	2101788774	0805415115	1022410764	1641050901	1010014686	1606081714	1693408055	0508406694	2101358292	0012755082	1773782121	0588119993	1812978857	0090182316	1718213877	0808029530	2013210729	0280380171	0770412479
1143626790	0956818880	0897367424	0276642287	0224821854	1157165105	0862012503	0919455259	2139697848	0140578674	0473762218	1799718497	0561611084	0806860223	1688020803	0159175504	1645555213	1552058825	2116295313	1951163977	1137671749	1802176202	1066069726	0977817961	1641603683	1710687172	1008233768	1738963946	1662088399	0252441817	1509415494	0521885647
1008854781	1438911202	0967223147	1815707486	0853093332	1338803552	2085128845	2122346169	0568685713	1598549241	1796669517	0857011752	0623695435	0581495038	2136509816	0246416025	1165660759	1914548579	2070484252	0803807376	1918428802	0713399156	0698413691	0093290135	0264236635	0028942449	1104436121	1556724626	1077517781	0111750116	1283492134	0179062023
0870831114	0957478693	1249426280	1012387594	0685357177	1843274978	0323463624	1172018011	1386700593	1784329307	1761016041	0776978133	1970907571	0108290822	1125196345	0433974933	0962233719	1710253323	0158984566	0583943894	0344759668	0464860470	0364411504	0040786484	0451153195	1914474455	0824682184	0574008750	0868518926	0751240623	1044790048	1960038864
2121525915	1815062264	0746265413	1178297811	1704600490	1788584450	0262760444	0988404076	1321295787	2037382129	0654690688	1827669635	0037468757	0524690328	0902488114	0440733237	0732415756	0335346488	1171334088	0629424967	0240975247	2064301734	2120926053	0323116218	1775616310	1350563458	0017889816	0026426932	1775814842	0392323488	1006066526	1821349651
1191680019	1133587411	1876184140	1524452079	1986183043	1292594733	0695104479	0309938873	1494794536	1748063946	2134449462	2125268346	0289590671	0952463395	0709175027	0570437939	0983440565	1651428643	1482549073	2096997417	1881456602	2091891386	1963739465	2040501159	1536620370	0340219768	1472172462	1643471747	0894984115	1022557217	1955002825	1232680675
0889362116	1022900492	1281974809	0447184512	1784812331	1289265821	0580655317	0908220851	0154079881	1902765332	1597947447	0272252347	1605027919	1162144666	0801631997	1864055948	1696875600	0805377040	0382484239	0994049402	1713009401	1383230925	1451677700	0785390333	1620832269	0497882888	1321409904	1807862901	0005655704	0566136660	1706288410	0092684832
0828327349	1708754789	0742927392	0910753686	1921248433	0858297139	0752358274	0501797582	0543678905	0068438350	1339597305	0393349987	1078566043	0550020374	1422809130	0922638565	1954430615	0205481793	0378790575	1191664317	0869683897	1003555397	0418993841	0430607174	0194883028	0486489921	0965858118	0348501553	1077695902	0957946116	0515470053	0556148773
1343596067	1028549864	1741689545	0226590558	0819002175	1746861602	1254006677	0685708681	1308551765	0449485428	1801601897	0003660179	1387086337	1825077774	1573217517	1248146355	0975524589	1751606125	1538309799	0817165560	0943644355	0663941390	0537911918	1926935603	1953282861	0242533138	0330488360	1125155378	1892926211	1588081619	1961005617	1189874410
0851488006	0127893234	2017936838	0255199195	0608027306	1387739516	2065638992	0973901142	0236136160	0190661464	0401624124	0555549547	2009822920	1323532777	0979767413	0046305095	0860651451	1666574412	0486934663	1998185971	1162342811	1984371365	0908493645	0443961345	1300135737	0735223534	0281031100	0973157947	0630159677	1851827982	0192397503	1661944186
2123621220	0523631400	0284954394	0339967148	1521355416	1480175530	0859565862	0600949265	0538705014	0224114546	0006857784	1442142397	1586826337	0190833866	1151700891	1366764626	1727980870	1753123709	1274540323	0049829836	2118914969	0882565782	0613548245	1836364468	0142638992	0741788492	1096614209	1090352109	1069936112	1535658053	1346427125	1365501436
1972383010	1283673978	1087830484	1638657677	1589288211	0765360891	2140933154	1575013793	1373386029	1344751447	1119668701	2020142693	0821782181	1225782210	0910977799	1392948330	1563346363	0699901896	1483231453	0680856195	1357198149	2005475456	1270149327	1412287709	0182774872	0995658494	0839731234	0100321754	0333056583	1339606399	0546192845	1518038637
1569645699	1346143345	0890978270	0268313359	1974449660	1658122176	0164124913	1078410043	0075612021	1648401570	2146140690	1051241818	0873271257	1166772801	1277285650	1093384138	0489639987	0221926205	1882116243	0293575791	1358382178	0430614389	0316145533	0583430453	0305291369	0693606100	0896486784	0508111336	1432243680	0575330537	1608956565	0618904931
1671872896	1491725724	1710148190	0539497882	0664945140	0228068992	2044722296	1614309578	0392681248	0576487905	1733487718	1964921224	0427488202	1461411799	1177635054	1303061826	0521877476	0871524784	1878572148	0857513242	0462303277	0335341693	1090744523	1222787269	2114611940	1576001377	0791841141	0517896328	0532363405	1014874433	1679470957	0343318131
2006751875	1248086990	2125260681	0160765016	0443195986	1321648906	1529802221	1711706463	0959588429	0200537233	1027432888	0148543089	1187699009	0796745398	1339365141	0786336933	0350469293	1937247377	1317093072	0121827828	1008389605	0063149111	0490186959	0824950021	0780577915	0195417882	0885846511	2065669373	1484514609	0772022617	0287928745	0937760524
0558641535	0289774061	1887215478	0097072556	1558360619	0656364721	2045854855	1321875868	1049385261	1882372463	0304898037	0525326117	0850775602	1039421088	1918241318	1857322862	0203048842	0290372411	1206265693	1461874571	0365509470	1314431870	0492162401	1813949010	1363158258	1245296010	0314416408	1586797636	1855939806	0580346767	0017388295	0187298073
1855170056	0528060399	1708696589	1912243639	1986063318	1427860305	2065874557	0638074803	1737364550	0550843591	0226231720	1230462850	0121599340	1463159083	0479466184	1029510944	0714691929	0951213032	1169160556	0606094642	1117710373	1318778702	0534923827	1098214047	0061541964	1396154741	1766404865	1152629927	1948687149	0311812846	0778404042	0166356370
2075285843	2047252374	1187657584	0100515423	1440567819	0892697655	1248729643	0041427770	0491828762	0501445631	1070889389	0377515416	1234903474	1740722910	1160225289	0754917463	0564414165	0673602356	1848493955	2139464183	0508338313	0952078825	0688157978	1671697151	0685463156	1476980384	0845838215	1808620012	1993002046	2082944863	1923382694	0221599767
0690640071	0438561262	0735253930	0791896672	1451205845	1444857936	2129733723	0177254265	0552613466	2055233434	0033863243	0056358646	0179474995	1369200577	1866820034	0908228768	0287140900	0581351491	1871399034	0558070476	1429403683	0088141192	1772781161	0944854449	1674638425	0727331393	0781803427	1465245243	1181818952	0754875161	2000928098	0004631066
0524914970	0383078914	0251333892	0068389195	0513449220	0951746894	1551844602	0663332999	1050102616	1054056066	0927697159	1074874093	0776442487	1558239837	0773865294	1193030026	0200834943	1736077564	0395306359	1747055542	0218588963	1627664771	1515110711	1752117298	1539659822	2032165651	1028174469	1874876721	1025497416	1978803537	1819288917	0916662033
0291105053	0634877905	1694191039	0783116900	2065949484	1897372892	1161521541	1066188357	0824165531	0480556367	0024863802	1274092696	1116497435	0260282559	0144780174	0221412367	1835975565	0048797212	1943472577	0717330769	0205040325	1548972487	1783820075	1792288405	0238106366	1091659001	1560033486	0854952979	0381635976	1769678690	0341231880	1302869670
1587278878	1354239512	1671787278	0052743998	1705111822	1792606786	1294168539	1376258157	0224482862	1902177502	0308223225	0577186011	0581653378	0502762902	1735426616	0192241558	1188460218	0705483179	0798574366	2014059259	1656721999	0253670191	0679860842	1808169454	0862924681	1218045376	1874511228	1325107506	1676433952	0839982624	0030466190	0944147344
0527742925	0667878365	0134657686	1891448311	0371336436	0464001670	0962945433	0787128639	0771770153	0339733591	1890930211	0253564324	1048037820	0710768046	1574504508	1403767622	0867077012	0139312142	0661995364	0043307641	2022049601	0658930232	0067241645	0553929193	0546337006	1793468917	0751618727	0957133035	1882403215	0821746901	0632831250	1655798806
1917434616	1183984230	0639480508	1740728368	1251957895	0611567959	0765952371	1344519279	1512588419	0162144947	0013376186	1475258814	1976182283	0713545879	1016903505	1422345709	1723856406	1152733965	1549770168	0158059113	0062240852	0257463475	0009075620	0062606403	2106311838	1662624118	0666336462	2137181376	0795906710	0128437807	0433157014	0100370968
1160196281	0267380007	1319988125	1534343365	0725302379	1039903481	1435885881	1660260628	1745349325	1606970902	1605605242	0127794092	0351657244	0428303364	0129454004	0332510817	0756851825	0862981594	0027098520	0178292476	0821956567	2009204065	1659855027	1370864259	1911035997	1016577047	0230533397	0514304191	0288858962	1539532114	2033260942	0109377483
0061354949	0400477283	0607945683	0015901755	0972824057	1460921388	1525231965	0061341516	0174708852	0721530115	2063971843	0871415310	0038642630	0926621016	0168007868	1914725318	0745969331	0497014931	1766042134	1498660951	0158907794	1441120537	1592294493	1899818584	1464077692	0886142118	0591485281	0391315804	1249790714	0694978891	0346665004	0275587917
1831378087	0088395758	1756304629	1049171588	0438653999	0146401042	1693537079	0529429415	1095428384	0487544157	1504533394	0072809533	1791625988	1989765729	1377256219	1966525367	1618515839	0220349524	1152642440	0011509493	0166520621	0540885106	0357698791	1036852384	1695706130	0477447573	1462454219	1517718818	0489415060	0736545410	1022964562	0211315652
1791694673	0996670877	0674983139	1432993719	0296334128	0473111903	1607292527	0568705676	1934067382	1558008282	1177087703	0693668157	1939478783	0165628068	0572132364	1544354129	1472488461	0512015999	0485921664	0005097307	1918576516	1048544707	0640083267	1133880646	0362133844	0414860510	1828673408	1875496039	0696956807	1377244511	1769749011	1523116927
1021119849	1419478966	0787147039	1081018953	0973889451	0039645523	0602374491	0870158279	0386559083	0760475806	1641688145	0982756359	0889396636	1603078132	0604329262	1511739771	0931303540	1557777444	1592360731	0865597003	1034604643	0425145142	0736308025	1328202161	0001209362	0998394311	1723450966	0780954826	0087710118	0970171384	1974602864	2085538157
0411718365	0558249921	0150368504	1802677856	0907433916	1960448865	0422478134	1009061156	0612488533	1205654060	1919576975	0683389944	0992244652	1445347209	1763010446	2084688263	1159935436	0178325386	1375074937	1812940792	1597907508	1748481221	0557655799	0902378285	0742320881	1454541544	1673376207	0988069937	0000388908	0093925815	0210692160	2050082864
1515062780	0946540981	2102894338	0059276440	1974198519	1732162683	1169894449	0055732411	0391761585	0152097393	0795344221	1412103419	1380380136	0783107211	1903106461	0888851609	1032743931	1364413263	0863328575	1563840893	0421533018	0156882073	1754566042	1893510937	0678153266	1026227033	1356574574	0114985019	1965415680	0147875606	0706730463	0286840084
1967987920	0429840346	0191706714	0789271698	0282940767	0856676511	1431750889	0882926788	0238525146	1687643520	0260631064	1707136415	1460202985	0188450979	1904708375	2042416443	1514543853	0814869480	1008133441	0052768057	2109471435	1078879722	1527056033	0653681334	2043326133	1771318154	2125899564	0161053362	0994459914	0022549997	1040677707	1563400381
1607782422	0212436353	1299963557	2136361568	2049779183	0706063507	1962212474	2146167186	1496560090	1356958966	0133010422	2123169674	1524432366	1654866652	1283107867	0163137495	1662744893	0548718240	1012679462	1295815359	1137074486	0353911549	1809185500	0759740627	0022952927	1370271276	0534705304	1720465280	2140137752	1091594261	0471948306	1378070571
0620953902	1749190141	1735056004	0405816615	0151785433	1994683442	0277396377	0013910602	1867253938	1758402355	1945914118	0950121063	2143790396	0204556206	2002319042	1907390404	2022121259	1863286238	1645261512	0910793412	0441439668	1867983338	1132526273	1221506950	2071126977	0868668216	1112874006	1638337119	0496637199	1859951351	1430390525	1641609157
1802688690	1089520954	2133099556	0912234674	1042409985	0613025669	1643364224	1235328701	0297578511	2060104161	0291793346	1465600121	0703802557	0469647823	1368558436	1811774482	1323088161	2097040889	0464606859	0396938721	1264876265	0834764202	0371277163	1615284006	1737507115	0799449899	1696756861	0957214314	1100975721	1379840295	0299934112	0848500875
1462790045	0719495459	0079763156	0549567164	0248159601	0405171533	0047310494	0578523268	1582095307	0133307595	0675305344	0405842213	0582011019	0071184248	0245264757	1143652306	1385666292	1580701576	0331190795	0046078541	1347925667	0781693066	1757891563	1950967562	2131492138	1813647759	0594999995	1481055533	0617390754	1992903821	0432077288	1280768909
1654459682	0885614018	0305643169	0163857759	0883320059	0405779902	1682233689	1679398268	1269117755	1254526281	0828758521	0365528005	1625949615	0605771230	2124575830	1535376141	0903299435	1191703402	1526585492	1335233335	0062550195	1161623982	0640430597	0529005015	0404988525	1266462332	1721988507	1971210177	0899222570	1391310051	1946078621	1567439337
0771039210	0939676472	0547724866	1496911820	0826034135	1821412737	0104482774	1547843019	2128204222	0240734722	0169281706	1849284114	0387280967	0008278312	1694636376	1825444918	1301355784	1913200640	0890509949	0987176900	0023501578	2001514045	1262707707	0895031895	1825595677	1687678650	0851060974	1540700998	0203857860	1002636055	2147482023	2120189079
0821696082	1926199964	0326816423	1687935982	0881072604	1287509363	1124636769	1766599336	0126136730	0413661521	1004618108	1100108442	1835867671	0382906401	1646875195	0114676182	1069759515	0715075921	0962515635	0005964594	1462683596	1077890763	2085491296	1771609185	0574806640	1393754274	0076461642	0895596188	0572249893	1372180385	0408845562	1667173781
1970594858	1294974372	2034991506	1277679220	1265664187	1192467374	1481761014	1736991686	0726569284	0857939346	1181382264	2005394533	2057560113	0483651550	0505996955	0255580565	0575261955	0456298891	0351357600	1834637597	1183889153	1189005016	1271968577	1923651401	0442791022	0957869899	1381974581	1811140562	1406212956	1163616257	1912341817	1488657317
1679039269	1677872503	1395389164	1784254108	0497146448	1828964706	0328890584	0041137910	2062602683	1482263307	1589095549	1822257951	1425092590	0646045139	0403331941	1341542455	0873231332	0495753326	2037083369	2075882309	1334638201	0797551292	1999123717	1890654304	2058846316	0626028901	1145352454	2042766317	0952425230	0067735872	0270467794	1676816706
0830478161	1350230074	0857155869	0898386207	0219458992	1217856645	0849992958	0770425262	1358470671	1917916240	0688704210	0114800140	1005637974	1061127128	1659435608	0764140067	0949897009	0525598465	1133161144	1154365612	1055573886	0667894135	0399704076	0497557516	0147849994	0276269579	0403169439	0757854988	0543272959	1835638516	0826465610	0483278474
0678159564	1132077519	0121749413	1837952347	1060317581	0938281061	0717372306	0903152684	0872742992	0878157534	1686051754	1425107313	0893494600	1758082376	0862994359	0241639875	0349802648	1470363097	1298245250	1174063230	1400957974	0889963310	0389749815	0700017355	1276267219	1156483497	0143645082	0471273946	0781520286	1001461750	1738290711	1084445989
0590025034	1618748239	1978812677	1972904897	1465094199	0790706091	0768463801	0604450349	1399365333	2039733434	1518368177	0665773538	1266052296	1272964396	1480512158	0074821717	1250664124	0341995232	1247624852	0800558256	0997560137	0588390430	2063246222	1560805045	0937643210	0734428784	1956053379	1709472577	2069372073	1438767746	0703641802	2062805832
0601621256	1095439516	0674639681	2102946054	0928467252	1132925262	1484864132	0204004737	1323714147	1880569356	0064849746	1155471993	0323166530	0473726447	1198515300	0050038240	1326593703	0885143167	0981985000	0810067805	1910760302	0677938476	1711218797	1353320555	1259262508	0973630771	2134461704	0183535993	0902917259	1210922311	0268758358	0863613265
2053658429	1480041619	0756407332	1982322331	0830117559	1732043201	1309244122	1348511292	2034357853	1365291484	0591203393	2096075129	1412947715	0538077479	0414552036	0939118184	1901996685	1564199200	0001147826	2111642406	1059167320	0933197257	1173224358	0186938152	0100945103	0072264991	1229443182	0163908440	1735115626	1407883569	1324321537	1351554851
1647846438	1405971754	1404701537	1531000888	0382866262	0972259022	0554312731	0550009231	1235528729	1511965460	0429491269	0767220516	1183395824	1487559101	0401192133	1885011398	1707805642	1970482939	1561435386	0794366162	0006251335	1986972289	1672550373	2140663428	1336696205	1026686168	0483321931	1408541363	1642447060	0852938882	0890446049	2060693247
1602627160	1614777446	1813687783	1267683363	0769020054	1363459932	2020563634	1454086627	0470037129	1469173437	0630982453	0647838685	0482688505	1499968816	0665358379	0730925924	1065543828	0728984863	0654386306	1006888655	0606486225	1256594913	1236518193	0962017732	0227643461	1335273720	0741300890	1491421983	0900140497	1786523611	2133461370	0550791631
1500423647	1867252055	1726754774	0473481060	1369263285	0773269743	1921022604	1357756430	0651085988	1373018851	1616041742	1587874185	0622146026	0310381739	0348108810	0919315242	1933915776	1157449887	1353376283	0048399357	1699174533	0788838325	1589175344	1015888869	1549227633	1777091603	0376009145	1688810541	0547400188	0335015968	2058735389	0909162459
0947300008	1974959245	1632782683	1632511815	1375000633	0564113464	2062171590	0679334197	1546781527	1467577354	1722902883	0159258433	0891859269	0042878023	1243910816	0655780967	0824635965	1944689664	1845559155	0058920817	0292210052	2026726922	1961252987	1052454706	1930927050	0318055886	0478478619	1611375165	0466125838	0156615010	1561005495	0011639066
0196770385	2142527962	0461664438	0335792855	0083489669	0904045392	0844100819	0525492851	1505590293	0656241850	2128245605	0936258803	1089020452	0163613383	1071059921	1096163093	2098380085	1497637561	0138661240	0459703685	1741155536	1988919530	0040091508	1655593445	0613415936	1760130752	0930311439	2063405113	2083802435	1304209769	0488002654	0620557885
1535783363	1305028648	1366000125	1763914445	0098330280	1222091417	1156845611	1934727786	1920000075	1351980703	0215206414	0611738550	1485591661	1694166405	0369093262	1417681898	0648596221	0329694175	0662189965	1166483001	0701584344	1842847578	1730086412	0633746104	1999364455	1641770576	0220690529	0441462534	0104808553	0580759731	0515623302	0984321069
1417673842	0513199029	1041754051	0326161166	1412449818	0759857188	1981993654	1748494161	0775138379	1114933151	1886648782	1310031119	1690667989	1700757666	1626750892	1187931887	0415758650	1891326859	0477576319	1478804594	1440564627	0839049711	1530866575	0272951318	0467731634	1375424618	1247578418	0020142018	1371963947	1066139390	0001177162	0457208911
0613678211	1873219383	1087905061	0744589669	0931355814	0288862915	1605970185	1966423799	2058946110	0155783012	0462516991	1779749244	2093308492	0011236243	2016458812	1183819977	0026363984	0717847806	0304946596	1341457230	1588338404	1981823818	1041544156	1093423195	1146070986	1234231759	1188627140	1363457586	1981134412	0192115749	1221472002	1483755941
0905991423	1338789131	1842755098	0175775052	1461284339	1182898481	1718649888	1693615466	1846879724	0778887530	1849888245	1950976096	0127439429	0833287144	1316167121	1739238547	1982340112	1128962826	1460195337	0059911043	1902552905	0175170505	2038081145	1665634365	1867433910	0488224465	0053568068	0522870783	0386166357	0602380865	0977286097	1292500023
1250797156	0430380409	0678610967	0128873152	1307549488	0784085065	1158029463	0356891880	0360001089	1076869224	2096354499	1813352011	2066814300	1399949875	1126712593	0147751305	0765087203	1836026232	0900357481	1138406405	1264637712	1120371225	0942561679	1794758681	0953845805	0321019780	0900521196	1742480763	0639689602	0960003932	0741445213	1769574997
0745947276	0126336546	1624485386	1766278191	1171103656	1051521637	1281221896	0677877603	0688126286	1139049707	1339196191	0094277930	1833721671	0822306400	1446396355	0068654445	0676538676	1807100314	0073757877	0550574420	2144725664	0891219953	0035312246	0787431950	1574550836	0034918671	0615067866	1606830851	1399251732	0130441427	1895743649	1696121851
1022019479	1507174847	1518037164	1544888988	1871929086	0876719852	1145250497	0329175018	0526652854	1674407891	1147713749	0926862089	2072238132	0216497478	0835814728	0847598469	1328437932	1816328912	0559981879	1342099199	1640493152	0225861831	1456189368	1451066764	1254807216	1255465772	1586398229	1585557298	0336931863	2046927949	0030013903	1932494323
0889409433	1818157311	1225112814	0397857462	1673770723	1176249408	1636829621	0929922077	1961848920	0330882402	1305368331	0632601365	2087088905	0705336237	0476403819	1099949917	1319021643	0323065920	0930257824	1162297808	1228005944	1778053138	1504142361	2090652490	0468967216	0667014822	0653476014	0739996540	1044048003	0225906784	0064230792	1490130350
0666501136	0609890000	0481782869	1311330093	2047687537	2058991184	0913341730	0321347354	2111090120	0366831106	2052331652	0655737050	0086522946	0344724403	2019645262	1051393952	1282703748	1961044050	1835817841	1692897238	0513039963	0515815436	2066033560	1162954577	1528904292	1652599289	1830243572	0347954976	0481310851	1968058155	1610279991	1386889243
0660002563	0910039586	0656787968	0569432596	1266509940	0374652516	0362783408	0594664423	0136064223	1908795553	2016140385	0126984682	1780288903	0425939070	1194954039	0325466729	0478465394	1389102590	1352503593	0413484056	0169447500	0340816578	0765339897	1788086996	0491985654	0990845828	1557632358	1301383976	0239539937	1563366681	1041386522	0591552204
1516090665	1042335000	1500236421	0868028320	1095560169	0554971005	0876202114	1033562519	0090036250	1410766262	0381618907	1482800007	2019477861	0385368992	0085969192	1775199160	0781974349	0042964003	0541493029	1985126064	0707817856	1382785059	0400458779	0296948955	0069091057	1572225619	1757185845	0827383371	0875702072	1219291213	1338457217	0559243794
1822006486	1493687629	0324147173	1923007819	0363526583	0200304766	1415327313	1877275419	0538225409	0753327899	1765899428	1247684856	1809045484	0553975362	1322299389	1725051767	1915813469	1854654012	0444843479	1093776346	0639028902	0593037267	0705740742	0832468413	0440657086	1600029546	0906351888	0954673445	1346263378	0760889254	0000574093	1058846463
1983004599	1559577600	1782811565	2022130011	2010381102	2114963063	1034874697	0668975426	1393092737	1842911165	0651309474	0834180759	1302768897	2041070714	0371713020	0350798017	1019660704	0517949068	1418764585	1665447454	0873504380	0789903768	0168723022	1049416714	0263519387	0859057195	0641717584	0684559054	1314123599	1753502645	1200866734	0915883832
0096782728	0982188717	2086455777	0801772176	2072560754	1343838138	0802069867	0633402450	0518538971	0595846071	0668669336	0543605401	0980540269	0150794005	0364138575	1896119722	1574329821	0615286860	0992495715	1369995756	0199007958	1094711727	1327591840	0480962550	0409130542	0014381700	1195063436	0016618461	0133599917	1293393904	1241869594	0708701165
1196173893	1500200084	0257312361	1764269916	1777764083	0940962270	0683295382	1550424765	0422452657	0580869217	0208270857	0009948989	1856417304	0015721065	0083450874	0252017827	0825866505	1151538974	0792909254	1289802343	1008045983	0730345098	2041019481	1658123636	0188663133	1175413359	0470255960	0852098760	1802901124	0364931898	0197113854	1472760504
0789275406	0345261123	0302880067	0969042679	0184327105	1314234761	1474318732	1208609638	0054368893	1097434676	1995039096	1959905861	2033628141	1985923782	1230162400	1514387131	0328326473	1297542568	0101505091	0894048719	0333742174	2124916101	0811859897	1965679488	0286729368	0107184108	1852006970	1053165172	0986827230	0589048829	0244056333	0161022961
0483510307	0279609501	0702663671	0655743644	0197348304	1118194360	0863213623	1779326276	1426936257	1567785350	0144028760	0477299151	1115409312	1299552121	1663807657	1230723612	0209258980	1584946721	0812382459	0010960787	1681837114	1456613184	2131691335	0866584444	0450656354	0006518709	0038276166	1209911509	0460078320	1595195040	1257188132	0469331691
0350295206	1158850815	1276453062	2132463151	0953594074	0385144157	0602134641	1133966623	1807149283	0896779860	1138872374	0506244107	0114496935	0204638833	1243547384	0990030284	0735686232	1615145445	1556196035	0783423432	0775381867	0912268673	1613831178	0942147036	1268304721	0474765725	1485791470	0757388974	1300910249	0867544836	1559579169	1809181748
0696680763	1032740297	1303336625	0845456975	1843570273	0991519395	2140854692	0256302959	1979119678	0690219763	1964379294	2056688927	0874013977	0764765959	0731845618	1490455357	1833926491	2117232493	0522479061	0244945644	0075287409	0487614980	0547371908	2007197655	0150376862	1943150762	1751037005	0563044547	1276752747	0726818005	0743225899	1632793541
1815002221	1884606359	1342766110	2111848094	0221198242	0384660337	1060506489	1965774170	1878049742	0667370188	0183661435	0863737306	1990931869	1649218376	0841813603	0738959185	0789091694	1552580833	0152265534	1473806361	1187124829	1883920373	0550817643	1937607331	0924389009	1309371865	1348004246	2102370319	1989507342	1329513204	0561072593	0346376574
1870395848	0877392550	1713867548	0773722025	0932591590	1731197324	2124974912	1800296374	1684055235	0081867185	1552244215	0937177749	1501360345	0430466165	2119912059	0460788236	0641851370	0785616709	1130566407	0494293793	1129032355	0481285593	1543546949	0791116083	1216748404	1551139294	1694123325	1792531349	0026298880	1771128525	1086288608	1494151509
1678127392	1384341293	0786279853	1538609380	1557256133	1420621342	0659707648	0248370475	1801847204	1979051281	1688155031	0267661853	1762006553	0244644141	1450377429	0406572106	2111904435	1168121429	0321356329	0114449298	1551487421	1102642873	1482376548	1344853389	0685524248	0356269981	0645162831	0606766914	1679167642	1687953867	1181665799	0328316337
1127186816	1675566325	1290161164	0596299589	1848495421	0016619598	0152709476	0345204967	1506549822	1750660224	0672937221	1406988245	1308996598	1483342718	0403403403	0395120642	0773193570	0640782993	0009273646	1243345738	1895933256	0587879406	2064400442	1632427762	2109805509	0251210499	0142006691	0852123820	0076600897	1088571326	1205087289	0983791366
1104890109	0596966354	0169912894	1720242595	0544954604	0034274973	0533853815	0294391539	0036273285	1907228894	1455106336	0428417116	2041283868	1806708651	2081012424	1657135126	0754644739	0275709191	1722146558	0332606040	0209781139	1770938446	0039114502	0267439132	0166218353	1903117771	1078938779	0372143385	1141491631	1578423566	0699382371	1341509366
0317104509	1668554556	1554960166	1487009619	1903466394	0495794599	0583275033	1988114723	1546085788	0511710216	1789077724	2110765621	1355427354	0161011302	0287557494	1140595908	1556392634	1940179178	1199748598	1450724903	1951600330	2029005679	1605616240	0312637478	1753092184	0744699648	0632289220	1135835184	0999799305	1714865007	0358146262	2115046540
0290388989	1484892139	0674718386	1278257342	0244742406	0954433637	1610777616	1160538030	1716188156	1121475035	0166943526	1206198500	0332561820	1614059246	0480318618	0323983653	1322210826	0236573426	1097340185	0406928859	1665401165	0095525157	1321029390	1855015044	0070257362	1846960931	2143733579	1397116534	0751390640	1418642120	1754661846	1356205118
0347988968	1052614395	0319852779	0614088212	0174171602	0281903953	0610812789	0958712063	0503839400	0500775679	0548424360	0368405596	0597497671	0509823125	0137510345	0443964243	1348842423	1157225629	1879239371	1334111968	0543087849	0871978393	0912444023	0265971334	1266741131	2112796006	1120369697	0916880583	1816791256	1888146546	0713146903	0753764814
0519195245	0888424954	0304404287	0816804455	1317003561	0764900098	0838836144	0088929653	2139543306	1838158574	0231407476	0172564415	1187199455	0990675908	0849270565	1514067993	1407025048	1927544619	1451596538	1568784246	1900088303	1702277631	1402998883	0831782521	1797772124	0061174778	1667310580	2122292004	1805818205	0000188384	1018686241	1320018603
2046587111	0744000578	1767921612	0874792992	0972769182	0538637263	1232907136	0400524849	1407387445	1575900057	1236439548	1787714864	0680014071	0088521963	1729948417	0461947786	0803055397	0017335984	1455590743	2127394624	1666206665	0748661775	0651764652	2041906464	1533261388	1867867763	1337540895	0191005469	1888348865	1966038689	2028853281	1191746701
0106828138	0164186474	2113065770	1359325951	1260221671	2061897783	0372427242	1617308936	1410767273	0398610784	1449951695	1841195356	1878478669	1433895336	0417425518	1989089924	0756419819	0044707693	1930403448	0107811660	1661855199	0628016711	0194736772	0175848976	0556241360	0752222129	0361092214	0088054276	0311983949	1506648516	1261926635	0652456673
0787801529	1343614148	1332437231	0313070501	0440975157	0503397902	1670453381	1256257236	2003631795	0348509958	1218958737	0045500379	0220691521	0458135078	1147381451	1784380544	0474672653	2069014013	1863304267	1948274915	1973330596	0029882704	1874916377	1691995808	0395091482	0283101450	1409792045	1187822964	0732573436	0837990601	0910273981	0301297439
0139617647	1501650605	1013898691	0312560692	0462549882	0185064634	0824982782	1331192042	0860015448	1714690226	1715569289	1457595601	1463304678	0778997702	1554065402	1481096600	1307603823	1697293410	1385058769	2107480750	1981175279	0878967418	0265386613	0029269872	0164983541	0476985310	0135650919	1404846166	1814296844	0766753355	1921755485	0790385515
1822993910	0909453621	1545892448	1557212130	0681062921	0536674737	0460987359	1841027984	1212941112	1986492060	0043792511	1581325103	0073390849	0824385765	2034545558	0225082125	1236572508	1874889937	1247618728	0697632188	1990954743	2033661694	0402365406	0129374239	1139384109	0517039664	1166797086	1685443645	1942037585	0221740342	0905800449	0276572760
1203765212	0238479697	0923782177	1847764676	0619890265	1052512258	0750719867	0882378544	1761606473	2110434169	0079680884	1314305307	0512501707	0059281432	2058099063	0951849612	1130742381	1304405164	1624522772	0247141046	0466186824	1181606712	1482724775	0755053637	0705606936	0731074618	1417160239	0471007996	0606665930	2129413201	1232691952	1078894655
1778034964	1198691943	0871393494	1819464765	1724655722	1701936095	2105254272	1067981532	0897286698	1067364052	1256718573	1167388166	0882306970	0558662255	0638015101	0733953036	0402607684	2053856938	0521415088	1690104256	0816031723	1214598719	1928605498	2101920715	0875463855	1510545388	0184661282	0488296659	1266932626	1036285177	0752592669	0146307053
0113863956	0303579015	1978843480	0343127271	0946451502	0599020785	0338996359	0237690222	0539977734	0139883116	1668420794	1454305879	2007521846	1304087705	0583956653	0559200181	1089002795	2014335831	2010100309	1690642406	1270784185	1344927880	1937494485	1175269934	0207195632	1265995237	0313973783	0590050202	2041746815	0997524292	2133427162	2123341422
0116033708	0263378880	0645039693	0684670195	1034586739	0124232614	0623438614	0560071785	0705665694	1718620324	1196733318	0165037824	1389319691	0706352806	0382009826	1610524699	1204729305	1409605219	0195322029	1422328787	1439448352	1405168609	0791145404	1709546451	1163488744	1916714473	1965442711	0602185623	1990821097	1934957019	1477751812	0926326729
1664377200	0065614578	1125101535	0987986910	0752437766	1837819626	0977159381	1310267858	1374573068	1967963097	0012640185	1990191889	2097276398	0127839328	1111938696	0950967478	1337101772	1400599796	1312516605	0514558251	0263878088	0445293961	0075092732	1510645935	1874554711	2055926287	0941225379	0810401051	1069174883	1626584132	0532680214	2044516002
0294609967	1559909034	0910771862	0079248818	0495022986	0499677224	1414043998	1783436684	1791086809	1517718864	0490188182	0845504982	0502940275	0421567333	0733614278	1151552919	1027282869	1922141050	0828125529	0464249696	0836551121	0339253738	0268491781	0678220920	0015804164	1480095767	1666472768	0926087602	1940337005	1704863340	1911337106	1782348716
0685477809	1723253355	1754674043	1561200097	1134831233	1306264024	0654128087	0961969216	1559718696	2006728390	0853374595	1771023499	1468600273	1735233340	1238819120	0978992175	2049265558	0663502720	1755119816	0463372320	1122878218	0127920090	0321821983	1498245135	1760222870	0331055018	2059041796	1763977614	1160011663	1459472575	0797351991	0796955457
0574859460	0134016367	1850218113	1052616631	0357433231	0868552758	1319855047	1445185066	1185356692	0084129225	0915644849	0375162741	0348200395	0311100690	1694100032	1401045898	0220218331	1095165336	0361463715	2036904289	1213568396	1791836013	1224688610	1858195422	1983262880	1605539073	1163175356	0944569651	1183005733	1373750605	1029729338	0090272593
1088015769	0457775370	1544354494	1478589404	2118799970	1097378886	1057359750	0618290588	2084028337	0805859741	2052772199	1617542732	1045192544	0134854540	0905140651	2072249650	0410181340	0495375355	2126925292	0220594682	0978045656	1173439023	1647379581	0001957096	0680657767	0169702402	0329953588	0727109734	1351347901	0317239086	1782872935	0906075141