0000252105	2089645088	0717430978	1889252988	2129248421	0610718139	1515413160	0392926700	0406832375	0043794577	1616048365	1699186946	0997463616	1113645630	1722119805	2030452016	0144398435	0247975935	1613264365	0005655533	0563262663	0647661065	1792396459	2054169944	1487139636	1941178466	0814912838	1736851347	0515375358	1112093555	1406199044	0929797273
2011751739	1528939005	0088537033	1983229907	1051361862	0743367118	1858777627	1030964080	1515228564	1585389022	1803684425	0644969923	1659529452	0193892528	1019025597	0581123954	0194668322	1172893473	1068204898	0356431766	1216799679	0265434572	0835316785	1068605056	0639436331	0998245529	1370355539	1950913545	1223628419	1219434461	1598542706	1686835772
1717195957	0879717266	2130663714	0775227473	0464852362	0228140348	1096518941	1636666480	0335494937	1518832784	2031972446	2075945328	0246314887	1613318040	0907771258	1187704918	0896057961	1890817763	0511134435	0701861045	0050910344	0951660102	0093131458	1892319590	2130020707	0705627059	1069281879	1277382257	0569574340	1501317701	1861232104	1481169726
0389148858	1337151291	0085381982	0495895278	0127903339	0040287926	0661823477	1449370126	0656699761	1234421194	0077493891	1064735955	0035965234	1024783031	0709553077	0481873348	0684526999	0775375214	0800451702	1354190706	0851504836	0410755044	1547583050	2053872533	0783520253	0255168767	0096623910	0460418238	0865745925	1390053050	0147015637	1285617009
1532097796	1638729842	0654681719	1676927652	0547663936	0472861310	1690543270	1752089080	1065399896	0457403386	1734735889	1468094751	1828859674	0711101407	0734851894	0477328561	1609703182	0282394968	0273367306	1016791009	1679109084	0703769561	2062567698	0894270412	1912252778	2139662491	1693817222	0942825522	1934200688	1650998577	0696880752	0098988126
1541090904	0314557061	1803268960	0104700609	0914028570	1127648999	0853541418	0279850366	0455914432	0332206128	2078394743	0611443499	0821636798	0929813776	0141634013	1030975615	1709097309	0057210091	1604809228	1781572323	0521542540	1684706373	0288125316	2094045674	1663635882	0491184834	0416365970	1361135864	1614658404	1960432536	0148036631	1265593991
0012683202	0565694961	0725104258	2005051128	0580919572	1054587342	1266918303	0795558516	0718792190	1144822955	1733411212	0679084882	1651511616	0729592637	0131825689	1538714966	1184356388	0451889073	1397474119	0318870794	1289735493	2031981680	0083657519	1577616695	0023203356	1284264185	0270021298	0615009375	0623772614	1878642491	2039768043	2100041640
1506105035	0717576056	0032611640	0495503495	2133141046	1609557104	2122229316	0752220989	0341932234	0188817466	1621804443	1804825777	0500320164	1482518343	1580518307	1545956006	0477947789	1279649943	0027867296	0214208826	1025146210	0371051589	2119029082	0652979326	0982095912	0526682142	0019167660	0028314570	1289092003	1954263485	1691495177	0570920853
0509841575	0447599495	0169497024	1173166446	1361094815	0924747861	0898146488	0485469053	0987998818	0952575522	0446209869	0436372959	0463667408	1787454940	0606438697	0457791817	1820644765	0082079252	0821486990	0559474367	1402279603	1627745443	0723481368	0498942662	1953162346	0364521180	1884111016	1607470897	1419086619	0635421951	0100553926	2087687740
0032537847	1402748191	0913369371	0785909641	1758907237	1841531304	1082305764	1126485458	0625260654	1118327007	0945128105	1979007523	0952714325	0631588243	0091932980	1076852667	1818081000	2090037484	0869979609	1678619687	1068408770	1635424823	0941802208	1915231466	0662864179	1760579464	2029363082	1170037520	0312843061	0913358371	0601032641	1940005446
0427318521	0757066879	0182426878	1589374277	0064388506	1993345901	1419664907	1764773779	1656254936	0993676938	1895457894	1188404860	1922564920	1509657678	0297304841	1755499765	0406724222	0373550753	1172805490	1736958264	0164845730	0308279480	1522663796	1995281720	1742720135	0367847512	1955198118	0220002832	1768240937	1946720973	1626031166	1976398887
0059042013	0181667577	1712704252	0549558976	0110543885	0337720540	0269836759	1808429696	0941844681	0481591530	0242979167	1384446822	0412422109	1648657094	2145765264	1183907977	1505379984	1416545781	0881230625	1795884663	0550872456	0711365775	0883117576	1297615415	1325844620	1180207068	1581228184	0591956863	1874743537	0934557575	0413768867	0661298683
1219091956	0137028465	0934941671	0426819398	0958241206	1180080389	1599617878	0429898753	1173353163	0204280140	1657445074	1668973481	0005898053	0344329009	1816709245	0509787669	1689085000	0865265307	1902240912	1373955095	0171625474	0438803597	0513210981	1242631315	0626044130	1401306257	0301104750	1196060918	1748912906	1370534653	0666315249	1780654485
0127824803	0867817021	1839225170	0977817272	1630023660	0358768841	1841313558	1717616036	1497534078	0546906106	0620914382	1084977501	0933212630	1431598369	0467006795	2077957427	1851408075	1724955142	0291837094	0053389110	1810090971	0945606195	1424331565	0740399846	1379961004	0181206628	0407985350	0094492579	1146360120	1798739603	1289208802	1769820631
0579350620	0455014842	0245182527	1909096343	0629066974	0666637837	0759940060	1227339711	1318093342	1900980189	1659820104	0783913398	0420305841	1006554704	1436222709	0878877883	0908055515	1670245023	2049351624	2110013982	1607532563	0308023434	1514265968	0439423579	0195830220	1373560336	2126845549	1027837728	0510238028	0668334125	1352165065	1166294901
1835154938	1288904752	0954619575	0440870288	0888348266	1162992718	0022456432	1615614399	0847971325	1152577783	1072302941	0512763763	0168689330	0483155270	0754953583	1171483005	0984789339	0697953144	0942811294	1695070692	0535059342	1228331005	0798902424	1085279124	1707623097	1049932771	0346954798	0851188381	1534546800	1996950777	1877273723	0509720737
0564158876	0677927427	1525518254	0578033445	1939574734	1778276525	0963640376	1729617405	1341080043	1691407436	1243741513	2105272740	1378373208	1412406667	0034618331	2009704427	1479504573	0320209798	0172055604	1225547566	1262283385	0205902982	1015263157	1770304284	0118172003	1841964593	1922143046	0861672301	1644131186	1240757153	1339258101	1134799300
0769566093	1950802817	1510106570	1399381744	0168069464	0802485643	1178898741	1067012765	1795088905	0061469632	0180470817	0926111755	0198792829	1774005918	0054508878	1302678924	0528894503	0695096988	0184037636	0744096572	1233809123	0527834829	0065025246	1957616846	0069375035	2050076571	1409296329	1446258740	2050726434	1594125535	0461886773	1925093553
1058719569	1997780788	0794883071	0104006310	2129847159	2083773117	0811462143	1723078951	0970949662	0022735681	2013985048	0409457722	1218328666	0193315317	2055258555	0456071890	0831119087	1384855121	0832252461	1106119116	1925534180	2021886617	0067141791	1023166662	1460526705	1334245725	0643658101	1086573568	1988506935	1695541931	2012722274	0660851574
0146981934	0719170688	1063787900	1281874025	0900791471	1990025394	1446478580	1450610020	0020761749	1050364629	1162741263	0091219541	1970985276	1414278757	1434063903	1103047440	1839483176	1019156820	0639105268	1876520629	0737371761	2026543937	1033307739	0102916084	0986287953	0115354878	1739184952	1081568947	1627704021	0027301814	1447571087	0485022346
2070128857	1273134552	0045356756	2101787054	0776507075	0496286706	0264182794	1271520409	0833742766	0383871487	0687206421	0711264181	1323110865	0331143370	1396490213	0962231828	1678471286	0721716810	0906787414	1832107986	1618390016	0253126010	0123745363	1024145645	0734424810	1889262361	0139296785	0403890265	2135359335	0237634681	1753983794	0697603389
1506929950	1697020579	1094555446	0848460720	0787904960	0934495318	1514899115	0343306973	1819219369	1895252444	2030374004	0980734398	1266036461	1006825551	1693380944	0052752117	1841567855	1696618421	0777936881	0904716031	1378112257	1321570504	0212099807	2086085876	1027297010	0012325190	0991038218	0496163794	0345884457	0041836370	0916718021	1232095369
1789542409	1330791828	0576069691	1147015961	2084041055	1019728815	1662690645	1784455751	1738676702	1129345785	1454136309	1305042503	1598861110	0595800859	2056274899	0357896322	0061788607	1246516348	1497284351	0644711711	1614727662	0976968095	0242807703	0650135021	0422502011	1410361895	0027873679	0321487907	0178397097	0432838067	1182279680	2055879716
0158506582	1140401394	0434679483	2066187334	1599950548	1726116149	0477528920	0682169601	1956776321	0975056889	0333423166	1058315939	1656422319	1659399372	0155121615	0083835847	0279808097	1892982996	0394983467	0615176992	1293427886	1813005068	0530710593	1153350560	1175464098	1323026333	1057897693	1069412738	1329245823	0362167420	0979172342	0782365033
0166739050	2064537662	1791200655	1283644939	0599772011	0079949859	1540000838	1321170622	2081217621	0810913811	1097197615	0158238516	0929983426	0845457916	1859385660	0512756476	0046216721	1522833280	0548832014	0777395433	0394534083	1652314692	1341989087	1937324415	0464387091	0998265239	1701621509	1112974664	1182612478	1206764761	1259775859	1011586440
0105263781	1789325786	1984976361	0339243182	0091077089	1724278159	1798685695	0383177046	1900638416	0210608587	0645471453	1498809574	0509330908	0454753814	0153052225	1810820116	0315444328	1683179900	0402497369	0199792733	1399523270	0399213299	0839003065	0746887253	0892144456	0541048638	0958697468	0258541235	0943118764	0420268041	0371250104	1160503393
1134044097	0961771154	0378374309	0637932596	1494775148	1422209830	1587621700	0673597925	1774022138	0327118418	0321115006	0353500931	1350379715	1224688509	1856497915	1370550142	0926638872	0468113660	1353684659	0936307495	1907386896	1963162303	0930074013	0220469978	1029629171	0554249471	1634282058	1062703676	0239190433	2131703894	1077663557	0414323701
1396459133	0439870268	1260881302	0263414118	1237284759	0960790612	1078274091	2085634051	2023408823	2028537916	0186374440	1364055754	1297125753	1686029974	1059050853	1123220035	1577871115	0004273002	0949384263	0497811031	0113709305	1999326952	1011457655	0088257933	1587363501	0629014626	1934308648	1317998650	0309491745	0422365181	1258143732	1497715362
1446262647	2116391383	1418328820	0783996040	1809269935	0031356025	0867218660	0372506431	0800754812	0006109535	1751223336	1547226017	0348186196	0072458097	0180008430	1744708034	1566211300	1606257821	0358271110	2065883229	0783825107	1083882651	1859421503	1115169777	1568654670	1869788118	1400692675	0726050311	0725494723	2125145442	0371426790	1982581348
0888448984	0708276497	0501229758	1737679172	1543728251	1690775150	1354328946	1027420869	2094023403	1289327185	1612000065	0231401903	0078899004	1058150029	1015456596	0726466263	1273949046	0849655532	1541757421	0779290045	0025023262	1806653269	1150207150	2031263403	0896477862	0358159282	0186390033	1626127305	1444723413	2016289309	0482466703	2067109896
2073064553	1221253343	2103721422	1075175346	1544634364	1887430812	1568707447	0609327510	1765431674	1976077966	1107773707	1816957706	0390704402	1711375535	1840132474	1194490071	1117491141	1929113772	2054547245	1385986602	0521700805	0049698934	2066328702	1828438877	0081217169	1364843538	1652509559	0322151462	0593347747	1629010808	0515634453	1171735926
0940665292	2134437077	1917113651	0084492769	0583277916	2036569304	2025926442	1392487509	0260778757	2041929019	1912343273	1513128309	0646141589	2024367091	0954279016	1159546116	0077475087	0748697127	1245925716	0160466915	1875463420	0148729274	0021943010	1576465433	0001295745	0302749745	0926204472	1757087448	1321108639	1039469340	0581729035	1774330101
1208085265	1978650117	1388242624	1931440560	0358683868	0413172347	1373005278	1387920331	0809629403	0984988829	1903297927	1959337024	1063119270	0781627850	0661806251	1159852744	0936004589	1111413048	0706336130	0101736294	0484910246	0186064157	0444096667	1427008944	0641952112	0331303856	1946294768	0905254672	1841116956	0560809869	0225741600	1582950598
1623281550	0860759362	1332750942	1290643984	0121120741	2009280278	0793283271	1133455121	1800269757	1236703316	1925896346	1666359638	1172195339	0072084995	0351734057	1719299455	1873469800	1001696286	1385169969	1828935503	1985559410	1548613137	0039191919	1568586651	0726592785	1252920653	1760256136	0890156680	1492235758	1692355040	2137736412	1534462174
0574641595	0767326606	0818966807	1152431626	0763325889	0150909245	0153493608	0639209609	1482696169	0274272595	1199597703	1062116285	1104328131	1889220343	1580583906	0500994752	2082900624	1179857821	0006401149	0209928893	2106756277	0542375803	1789523153	1007156236	0808752798	1284274123	0437049264	1092907308	1065492765	2018252669	1268403518	2135246904
0495490511	1914918958	1852993164	0448258554	0508883402	1523455060	0261670239	1992681464	0989890483	0533534472	1369644679	0740907760	1326537014	2079854791	1528150118	1862098753	1014553940	0587912400	0471446953	1541765288	0911510714	1759716147	0404496145	1580966260	0484767489	2081714552	0572898540	1536572279	1679437978	1936523725	2039575790	1016329116
0358524374	2027523983	0325071685	0281411827	0929585695	0603243940	0450602093	1242037729	1387062463	1423827456	0857774471	0557811786	1376568147	1139517498	0611424940	0509715685	0479249912	1689594734	0842430057	0362283328	0779754451	1387843963	1673596074	0388407312	1758889551	1544282702	0272014872	1908752888	1299069730	2146196708	1992736344	1912258643
0090751899	0553777123	0137980163	1897744428	0963476152	1116988284	2067530761	0556608020	0472225808	1747079391	0619419106	1723677533	0293899101	0349802407	1466312610	1941186945	0957419391	0252737566	0037617996	0885466554	2122183015	2121523729	1778322162	1730661435	1708223077	0396378396	0437428578	1025586765	1333008533	1325008627	0014574599	0142149635
1107099981	1231063059	1619377415	1815955474	0726060354	0894287424	0050689815	1540196493	0314576913	2136921524	0723541440	1508572766	1390541680	1916969106	1950092248	0304991622	2098209212	0773258697	1735372482	1429895067	1904381139	0837528285	1730063557	0249622119	1363391442	0869452204	1404458440	1740236903	1581840228	0141162136	1690073464	0298510579
0545501861	0642088784	0480866513	0942520330	1099806038	1048330937	1342218171	1492571909	0899593956	1190743612	0427780491	2078945728	1281913806	1569390738	1355981112	0878087420	0507645756	0049691561	1942410691	0050081943	2061110024	0017463611	1453134085	1640532911	0894091344	1050140549	1691595997	0117918946	1883802888	0723730895	0397775657	0298874088
0212546683	1006796220	1200414827	1910617471	0424861506	0264205067	1645862720	0277878033	1666652053	1791846950	1408506769	1061025702	2102252473	0008869620	0895331697	0421916950	0167176256	0822724316	2027859626	1671256292	1865880531	0150387376	2119859560	1725921190	1495820301	1808227125	1832201178	1037184313	0831985892	0920861227	2147481907	2118239467
0266821903	0529868785	2037469033	2115286216	0023656227	0305732494	1665143034	0052084734	1362280009	1516950596	0462809788	0258337482	1813609387	2097565438	0690767314	0429650716	1299562598	1839894596	1491441819	1233524149	0033244105	0387924515	0086971313	1437977631	0309080879	2106874907	0388706566	0346000588	1993650087	0089668068	1665182329	0712515799
0884218121	0467122407	1873564664	0448591887	1816243839	1277643615	0667250952	0327145630	0778467090	1226004106	0345416577	0768111798	1130786869	2052114980	1309098040	1040794765	1383310540	0642283358	1603588084	0585157938	1421844353	1887500702	0595865030	0987313249	0167635574	2100031001	1327295362	1940507745	0279523226	1400123393	1895545972	0521248159
1032012200	1951112228	0267926306	1911700830	1453007043	1652821664	1272732903	1884776601	2056539757	0514397434	1855994063	1492244166	1833668296	2072716422	1812666567	1283975227	1855955133	0837947656	0188497366	0536851037	1276577812	2081652754	1681743201	2025701040	1899123389	0517353562	0000029831	0501369617	1940805738	0992924283	2130487191	2103372706
1656756475	0833108323	0458206221	0195598205	1769051525	0537887960	1524273497	1132239016	0688545845	1748126879	1044680746	0123000150	1384252636	1443705301	2084750101	0051763055	0250788350	1636883036	1827667982	0009686786	1744538777	0868992548	0121470989	1453447473	0465194086	1676528322	0278575567	0505204109	1962603372	0126055284	1192282246	0517798365
1033382911	1366331888	0897404245	0895492834	0982662862	1465476204	0768613185	0967663590	0628298399	0634099694	1499700644	0453158869	1264099021	0656526176	0464461746	0105508177	1601922064	0501647209	0163843541	0644358133	2114593157	1260315496	1491330911	1516977040	0907254096	1085697772	0153905445	1118503127	1757693298	0766211354	1402279266	1622081484
0018602923	1274198046	0739631238	1346868230	0189218583	1920926921	1897095896	0801017063	0118794798	1571861923	2086998114	1326895547	1663267981	0750323668	0665912892	1460691327	1953564032	0673206841	1643524291	1778091123	2142556256	0937201696	1903837574	0291765918	1004617725	1093671361	1022029654	1678186072	0223092406	0007619980	1367468687	0676232215
0951377581	1787251952	1489786675	1332806352	0074436207	1213848495	0057008965	0371968193	0344523334	0787762226	0683048627	1698180774	1266599988	1888089252	1897690292	0053612400	1267958707	1101759368	1665693542	0714538102	0513326290	1033146031	1680057022	1603377998	1349209830	0889784137	1673356498	0656820774	1120803038	1757591829	1208305518	1385474994
0513039737	0512017054	0503653049	1663741716	0122453225	0782018749	0789194803	1138050149	1719494061	0849245548	1093607274	2092403092	1974047619	1343470030	1057729652	0392631298	1884461902	1062360958	0921579948	1342123872	2055172263	1153245893	1563809476	2040991146	1181897291	2071518734	1010477174	0789182942	0938702322	1355054992	0345174109	0987919416
1765549755	1813181686	1351645672	1026791338	0103430474	1041706095	1667648321	1356254050	1170389092	1926746371	0920344284	2049155494	0961140719	0520071499	0583240403	1406088313	1216225003	1344273275	1672966485	0544323224	0160089548	1975507192	0104709677	1066434446	0665216060	0486454138	0364453237	0742193015	1452981329	1220646466	0493874271	0520577042
0489967016	1423335314	1176278465	2125190620	1130733436	1154066549	0324189339	0484208134	1270569655	2034289464	0215877561	1154287944	1897691457	0073192555	1786625801	1703485053	0221303967	0014096765	0701128185	0618634206	1416765115	0272609869	1171449232	0417166528	1931212288	0817083658	1714601088	0217426923	1424611314	1147173995	0445151199	1970659092
0227071563	0313318622	0316177510	1120867892	0700109360	0675111607	1444671748	1147955654	0697592130	1317699937	1731473295	0320768568	0973368406	2019860443	0372973725	0064630482	1765269239	1393516568	0376304194	0205248143	0746802319	1612142365	0475554356	1855410805	0279361548	0830284894	0249475252	1042481420	1813633714	0358945680	0518479337	1741061080
0401397538	1042285939	0675668194	0061811222	1626606653	0911190661	0675552670	0267683001	2117440989	1879187686	0465442173	1551159237	2029305326	0199332428	0105628076	1469580910	1036930223	0856462556	2130776498	0523304514	1233432333	0637576240	1947950797	0820846664	0534933520	1261124298	0052480596	1573081702	1112987297	1394935309	0598764064	0319253806
1284567236	1068432161	2028557360	0513169748	0549628284	1275403441	1671352180	1329986500	2073307524	1009899646	1820088081	1463309499	0860024249	1862608633	0994172512	1634635524	0560955797	0530869849	1682482505	1566281486	0638390276	0597068320	1883655456	0393324918	0657231360	1579070999	0843370567	1137049369	2079253777	0016842408	1749993499	0204708381
0264956973	1398244980	0389829739	2043300023	1332487384	1155991972	0472518995	0232222359	0983401114	0988375686	0844145057	1269000917	1438313662	1661786602	1622590579	2132511647	1768666346	0506635448	0249314181	0482844770	1978831024	0133779279	0012963744	0985797061	0454867622	2065823281	1923762718	0166212194	1799603458	0775634258	0859236916	1514804784
0905369503	1623597926	1883123500	0042675014	2126905847	2041266214	1509997873	1719994912	0677113717	0734396166	1407842653	0636646325	1351254921	0901890222	1129380628	2039742610	1672589209	0645896433	0051513846	0357299981	0776503655	0438806766	0566472364	0906014597	1728274549	0246535721	1029907784	0941930868	1930136439	2062642338	0001261245	1870391892
0810904058	0933278944	0398654120	0030816200	0384314473	1690021182	1567290652	0419574062	1592446933	0166910370	0648945608	1906874190	1936047149	0472213899	1546924828	1728553614	0641813882	0155555893	0940295252	0210142091	1395007769	1816599284	0809156789	1631699919	0614366443	0555432725	0046395566	0233713901	0281943744	1279580126	1001936624	1129563441
0817313407	1281025237	1667597084	0495113791	2025836859	2034349675	1227843838	1201021243	1365232948	1754872488	0601497918	1169981397	1517067447	0279240898	0950003991	0176161292	1510369078	1516386406	1717886693	1751498983	1885057852	0341074373	0803133168	1324433181	1080471912	0369705952	0977744493	0406827007	2101058248	1412366515	1507267314	0924646386
1340139810	0921296934	0880474868	1978778646	1400945880	0686699452	0780570786	0075600779	1459457276	0540221698	2092702417	0562351953	0373743624	0119421093	1360583753	0925263415	0973127978	0126470694	1731627175	0759546081	1048185599	1047006052	0549712446	0542430528	0561802581	1877866655	1885194273	0486418473	1912515229	0108225507	0027447140	1742581522
0185662468	0135360585	0820169922	2045832608	0947970539	0359671880	1986304502	1186472499	1657628298	0453451955	1895028129	0407795446	1197743345	2108176084	0782751935	0226950023	0418079489	0095478639	0539201364	2123818055	1684353598	0801486832	1571751440	0230110333	1993802131	0497587929	0659001285	1261429416	0885631528	0599933739	0650628708	0129964832
0328062425	1154655126	1626468390	0734888067	1085288172	1859692833	1380445793	1886604410	0564270915	0413483253	0155951479	1146458213	1299905007	1152311718	0895515780	1368316284	2036893112	1025716557	1366939030	0364221604	1144104478	0395386508	0946636138	1554714390	1651219681	0118008386	1239537321	0164894500	1127956870	1732962021	1719466333	0383221052
0492763611	1181067245	1005837494	0119492474	0412800573	1567050601	0680004199	2070086906	0568064095	1888433750	1245217237	1137962244	0242074726	1215892464	0050257596	0718342701	0032712273	0039358679	0076354677	1245319080	0702153898	0677923421	1458189412	0706067920	2036381765	1021442116	0393369494	1406420192	0351664415	0548826361	0682385462	1289784854
0714108360	1880587084	0362804242	0944821461	1120209109	0365361714	0978580425	1571434249	1341532137	0699816706	0051443123	1316142167	1319836669	1136306020	0323205369	1126493520	0760758688	2101118625	0279639107	1200251713	1316644120	1166226152	0679690495	1092631072	0717761607	1003683650	0427058365	0679592281	1589432021	1034891914	0958341545	0718994315
0246970536	1895392548	0090134638	0916889731	1970541692	0401413410	1309046643	0176965386	2139875054	0971396269	1086408589	1363188529	1754060707	1990280180	1433699588	1422456176	1432991628	0261190691	0375369169	1670152144	0488334271	1899077510	1893748856	0381890605	1754260999	1061620530	1362108434	0780773218	1330391756	0294510528	2036121408	0940589311
0857424410	1116787500	0840437720	1236813721	1633989534	0441220102	0325221223	0647213346	0710034167	2125102037	1789402602	1128539226	0783201078	1333245483	1012459983	1901999100	1604788105	1426558062	1653912926	0286220514	0144809518	0714596975	1502804801	1085118040	1147767956	1837919138	0502173918	0426307116	0938252220	0232641619	1587452993	2133106670
1031799672	0526637779	1421042366	1293407075	1463234591	1748529140	1363030432	1244408075	0423278392	1574095480	0971684967	1643588581	0711129506	1207111787	0649790900	1081311305	1592482221	0759995786	0016442946	1478686606	1605023958	1095572139	0756150795	1965672266	0165349214	0180400480	1891441443	0255905960	1749208426	2042371999	0767573545	0674303286
0744122583	1670976000	1449980181	0172475911	1847196374	1805856786	0648619251	0716759385	1339207672	0287239097	0084264823	1047156788	0935648751	1573294723	0398263950	2063163598	0172143477	0554945430	0446363089	0864057852	0935897550	1459892222	1407908179	1737941807	1662867402	0460243356	0073987798	0119889373	0641031125	2032144523	0673076173	1594870862
0103695780	1205736743	1161746509	0552258239	0379900539	0519476442	1319535639	0371862104	0708969158	1405364950	1943564944	0122259291	1817537305	1542090207	2077457053	2031556845	1533390262	1886369434	0909996577	2081419352	2053923081	1633080489	0195286316	0822100396	0131570774	1549325855	1280425110	0171197183	1830451348	1692562561	1330574565	1219497744
0514656440	1914140611	1656217017	0356372305	0217438652	1621740617	0732102195	1507777702	0912802914	2002885077	0683322414	2004751589	1989018540	1704152578	0702978407	1650544302	1651815415	1540575136	0235978873	1842106149	0006307444	0782512605	0499498007	0549427526	0048747382	1105979767	1730979184	0606179579	0397762885	0084215084	0211193415	1884741061
1459218977	0830097699	1398256181	0578084946	0657668394	0334366849	1886410591	1601722276	1438777587	0869039489	0910408376	0412590557	0184795336	0593858590	1624814521	0855599195	0505170053	1390224180	0875713900	1418084409	0971147657	1202953999	1636808335	0572168275	0000426659	0728406872	1677509804	1741958012	0443748133	2011648947	1948797508	0019132912
1591788581	1986890188	0292678866	1316149232	1438578124	1811632142	1078263428	1906421010	0761901830	1986553396	1074666663	1585133771	1808648162	0318635449	1629259372	0398282307	0224206050	1544765512	1944151601	1392268902	0881618202	1867440361	0596646422	1235266711	1403196228	2001076289	0347793556	2063292205	0186157679	2015920921	0733420528	0042680316
0068532914	0781450806	1981195037	1211040124	0101357802	0566046143	0184969191	1368355928	0555706173	0347268808	1833787157	1922929602	1196417111	1292997716	1025588819	1367530111	1708585383	0043204397	0286827693	1759732383	0677374597	0824039032	0501971321	1316226631	0591939470	1582419386	1285136054	2038621699	0013307208	0315945568	1517585992	0404492125
1513402120	0953115772	0936257031	1059238448	2128645553	1215733898	1680206128	1961918893	1506918613	1506479620	0570775210	0209503321	1396618614	0972783788	0784120305	1750308143	1197962795	1501504940	0713190683	1489575274	2074757039	1749578134	1813603414	1997177227	1388251579	2081947245	0188802497	1370220460	1828124439	1238908644	0336138396	1596029962
0257336657	0025129141	1438677975	1342344252	1464131629	1792661277	0062515129	0572269720	1705412774	0408256109	0350171798	1232216206	1672966221	0539886176	0748551457	0945133673	2072588899	1816871153	1083491778	1732469933	2038877905	0024394156	1970686962	0695482653	0223458350	1863073494	0217156751	1178797804	1518048253	1731261811	1061324274	0677901136
1083645417	0019713312	0609153146	0982379573	0999205275	0320937385	1663192078	1622105594	0423819693	2081806799	2123293869	1464294084	0228075168	0001038681	0277242391	1720835194	1914831409	0381557121	0444362705	1603342316	0749502456	1896188337	0580058479	1614582820	0690092248	1968718336	1968523823	0846827479	1255310884	1130679260	0243530517	2061051684
1184426878	1636614503	1609401145	1648510050	1821880403	1522094295	1013613001	1953419803	0396633685	0433103507	1348562466	0746955624	2041255853	1335860546	2014150884	1049179727	0575446172	1404950363	1418052176	0429407626	1508916262	0721228011	1281477209	0673955900	1348057022	0841892904	2071771092	0956890786	2105891566	1041563555	1419462188	0505159193
1207700160	1948641323	1689098911	1099067484	1520355741	1858506981	0777184052	1136820910	0387027011	0035007114	2101529367	0740528960	1402496355	0975729013	0892392999	0423343545	0521638304	1146728274	1543852940	1638939526	2031357060	0323087414	1291507482	1749029745	1186764079	0115762417	2146241984	0606206429	0849030835	1779893177	0217423129	1360845556
1030419142	0946390186	1715966420	1689725377	0890663311	1417248387	1952511432	0162027817	0192255923	1429892773	1865825881	1379368473	0959956346	2089150958	1002522656	0241585030	1575506380	1062361150	0924806892	1890280505	0071373817	1283867293	0041908395	2127242196	1251832916	0658529553	1922964280	1779250257	0149284924	0770817972	1516296700	0210197951
0186363142	1174170268	1052461993	2053399659	1425861523	0684600188	2005462737	1056381094	1349737109	1161827702	1916868990	0267442636	0225110081	1706429000	0308097315	0608500288	0747213402	2078763405	0365094792	0787389665	0863866841	2020542967	1106736358	1562102239	1264746298	0797892480	1291019492	2137316403	0917821852	0456830163	0690511516	0425421024
1078089505	1130780796	1950046069	1676344816	1489357519	0562432401	1725833160	0016300091	1225206268	1968538840	1099218198	1905922292	0969882992	1422565814	1128193847	1420867166	0496304322	0560254906	1635896694	0282603517	1630966702	1176090206	1108605254	0760382606	0075275745	0291578132	2143465717	1190127194	0805061400	1519973700	1879994835	1146293534
0679628701	0054059314	0189307717	1271518412	0800179187	1068998395	0807833963	0873799807	1460178063	1917070572	1507947663	1621853794	0486784387	1619980886	1221074336	1242634420	0678229865	0166142779	0632945553	1429405680	0121704771	1087654253	0824226907	1512102799	0590264195	1343359872	1353787793	0522196986	1946562060	1102664022	1837827791	1114388536
1323239065	0338317123	1706672652	0108189185	1564466933	0205969063	2125886524	2089373729	0451667559	1969455615	1475070094	0951848890	1118607727	1368221851	0449757681	2082390774	1200743459	0991484554	1555282005	0453706751	1882417207	1056910445	1656604778	0431020491	0699050906	0065544405	2093187571	0126400643	0554280018	0000201840	1244841233	1260913957
0812246703	2024276989	1587418349	1550844962	1042252695	0116936286	0400621797	0889308834	0127389918	0001155767	0097623146	0074708514	1495544950	1475370162	1700124472	1722077569	1320591564	0938924403	0792603065	0438651114	0097912847	0648745927	0698319270	0653840035	0415646546	0007194931	0666121085	0664823784	0335922347	0112378066	1100029549	0509913020
1648375610	1709830970	1650432283	1916595729	2117195950	2055784507	0705812566	2039614381	1664928053	0733866361	1093344606	1972709310	0325347137	0615966297	1674375139	0597250885	0657058117	0814859545	0841155896	0422295871	0093250562	1746616871	1435780054	2029109886	1209539642	0652560592	0386884515	1935044136	0794443584	1307482889	1812239319	0545669032
1304248134	1132803209	1581003008	1102391125	1546215206	0539354895	0409246278	1959556652	0459439772	1600537039	0845852151	2042842364	0083063512	0184075634	1382728958	1605052919	1582319666	1756625661	0002305471	0093345451	1193932647	0338800561	1241880530	0892502517	0116528924	2144023251	1970666544	0352317327	0784900110	1971588896	0821901862	1089777130
2143682294	0535169539	0932928337	0948453212	2029506050	1425417049	1804260258	1733060566	1228228501	1223601343	0764368129	0487967749	0033909550	0834640395	0437936561	0973322458	1247612407	0591395141	1023816471	1644448333	0128595841	0941750805	1051301245	1872060846	0943726525	2044972580	1525865472	2118759077	0409972585	1281696519	0064931776	0386666556
0419290870	1127806283	1349529959	1975224946	1803452096	1035183714	1567656851	0131829714	1606363141	2128384350	1120662371	1540885207	1152374876	1957012286	0645953350	1008117865	1938465872	0321502067	0416384217	1667813193	1979774107	0951789731	0124322414	2132707214	0760593621	1474321203	1250139735	0118523897	1313796110	0544362316	0817108792	2137028226
0369398307	0102122272	0529591551	1672964489	0510776452	1127691705	1571301160	1252188961	0200126927	0573870887	0698939132	0334442434	1009284039	0063515820	0211014181	1019838870	1364901383	0477226827	2047343491	0571577356	0806269261	0345657057	0514891864	1575944485	1983140944	1703644368	0751427525	2038568315	1263565967	0287422186	1013957999	1309350248
0984687327	1130921107	0013285752	2102818223	0927495282	1976894648	1948846199	0837482549	0961378605	0223254207	0579525740	1250773035	0024978762	1058741769	0223412541	1093161631	1044932132	0053077358	0865442401	0583692476	0414144636	0534397325	0839229521	0257965951	2011738811	1311658109	1118201508	0983350059	0130294301	1570480614	0346174221	0616932624
0735563852	1705788432	0279489174	0827811429	1627621937	0795199673	1130168830	0254668095	0271764194	1990575036	2094377086	0791226425	0923782751	1857411894	1699409666	0445751362	1320180398	0470908382	1079937079	2118185956	1514946173	1134210779	1615711881	0338867652	0221995320	0896248401	0796575549	0632196645	1727410806	0761992649	1365464682	1354658532
0124321830	2122891926	1151289024	0886966898	1568660859	1973806641	1588320078	1673818736	1983203899	0614245406	0668647513	0176826240	1948731879	1063589956	0102512864	0651820354	0830606331	1356899617	1283015426	0756965255	0621915957	0738579350	0847655790	0144348332	1553378461	0673097448	1952439787	1105373949	0138930646	0692643033	1890088891	1145884613
0249344395	0990651468	0438507485	1978907538	1419750077	1048742322	1813914925	0790291663	0245623346	0728006688	1394068257	1058606629	0099598208	1057320843	2111713023	0098543592	0512258907	0273509126	1252876102	1011487479	0589509901	1550842496	1000806633	1465157527	1855059787	0822252963	0548280696	0101328395	0071802694	2049552091	1184295557	1576986103
0162261847	1978114486	0975826995	0391692826	1143948527	2069285345	2128613897	0683691506	1765629892	1012560598	1445551758	0905898195	1919389782	1832204487	1092798676	1387198388	1560835284	1445870083	1961019176	1417760523	1970046596	0670269526	1668194967	1953798784	0323716411	1125641826	1478723159	0071886582	1311974060	2133422671	2047861185	0682525826
1501398955	1079384435	1419832836	0292189188	1676065674	1092785219	1161026589	1337464681	1057560418	1843282754	0454154856	0823783354	0499758469	0632045066	1327306200	2122662011	1582074913	1938029284	1573702139	0803253721	1203083805	1670974130	1418551091	0224737443	1885953075	0354701805	0058632563	1889976015	1396261328	1410328927	1621264150	1314055914
0615920850	0910547410	0601851348	0667628466	0229572487	1544158997	0340388584	0014495680	0963241649	1470663657	2054789876	1168918525	0833246919	0640105546	1508323799	1501120605	0696123279	0253041297	0847457619	1108655629	1607035231	0539299091	1618949746	1070573532	1511357758	0953261990	1246259310	1472213979	0193764319	1011700581	2023631568	1477245837
1012339492	2024390511	1347882142	0050286040	1196401009	1022371402	0979493761	1889587715	1312537362	0863421150	0972265271	0659339677	0506282390	0758053772	1736752001	0993133970	1359830140	1144326062	1972065149	0236351445	1661472812	0643689344	1611657862	0922447023	0882667863	0181824002	0046738319	1699396270	0220739246	1260249155	0376304111	0203836355