0000033614	0564950498	1097816499	1969887316	0140734213	0940422544	0202055088	0768218109	0770072199	1866991771	1647128880	0083392683	1421485337	0148486084	0229615974	0127561359	0735081007	0033063458	1646757680	0287085224	1793088606	0802182691	0382151771	1848710667	1486775473	0115658219	0394986198	0661076909	1786703632	0864107023	1762314547	1126132005
1127227024	0203858534	1013963973	1409755266	0569678311	1101274651	2108989511	1569117642	1061023934	2072537697	0956319139	1088155025	0650767323	0312183490	0565366809	1652304535	1171280388	1874372714	1144586355	2051842306	1021233416	1180715888	1543031336	0715142980	2089576248	1707920745	1757535413	0260121806	1737971797	0019425685	0069973451	1370236048
2090111955	2121613706	1143081954	0389694816	1923132809	0316749866	0003036949	1649877962	1190057270	1777332379	0127764083	1994779628	1893994479	0215109072	1123195203	1160519691	1407964583	0538440188	0068151258	0809409355	1581609387	0556384743	1014576563	0968137161	2145155255	1668904949	1001564376	1315642246	1507599010	0057010117	0391329857	1485979485
1769873432	1466777027	1156708876	1784106288	0160219355	2009689794	1233567742	0765911656	0660222274	0307755069	1298822707	0141964794	0147960941	2140955808	1955759571	1066408815	0234435843	1678204703	0536223623	1469048949	0686196284	0913760798	0922172289	0560180824	0390800520	1179347114	0012883188	1779376016	0115432790	0901168289	1880754579	1030409060
0776942012	1363821924	1662112237	0653087083	0645684164	0778876057	1657061534	1665267642	2146371390	0633649424	0374463695	1484236155	0387013533	1955966015	0241145829	0636306114	2075779585	1755639580	0609111280	0278737711	1082874670	2098154012	1992995944	1980388549	0541298190	0857950638	1371166908	0555206799	0544224578	0649629873	0522414163	1301688605
1064472246	2046259012	1672091626	0872953540	0121870476	1725174541	1831792440	0609975688	1921941085	1762281068	0563450452	1656347141	0395882726	0696637476	0305215688	1569119180	1086873100	0580290318	1216133599	1955529894	1501194770	1942614434	1326906897	1854027431	0651314847	0924484770	0771343345	1756306123	1074281246	1549881193	2024056288	0025580289
0431187823	1363916183	1098839603	1985327068	1938608437	0570108375	1886909358	1394564657	0811666841	0868470943	2092273989	1951697145	1508691737	1242603630	0160742335	0061996419	0444245338	1778238794	0329495459	1617337447	1889951650	0986758773	1585975677	0926176775	1291583969	0887063107	1038161875	0082001250	1657991023	0107320089	1989955990	0280005552
0916641887	2099994878	0720176101	0781895015	0857081112	1789428955	1571454097	1675117473	0188756541	0597837968	1934227510	2101795931	0925702814	1915656030	1356060386	0062961891	1638547713	1888606910	2008033710	1317051365	1568341926	0908467004	2143689705	0659726216	0560442851	0499721015	0002555688	0003775276	1174037969	0976396347	1370857302	1794109698
0783806759	0775507815	0881593062	1444912381	0897307191	1411789903	0406084018	0351060360	1133892211	0556506799	0918488108	0917176520	0348153474	1669983090	1942010987	1922191403	1674408400	1156268512	0825359481	1219921194	1189129649	1219191761	1814451100	1211850300	0833083952	0048602824	0823877108	2075481947	1048205008	1373213115	0586069496	1710014130
0433835109	0759695398	1410272771	0677450258	2095673459	1104530966	1003300894	0436529214	0942361546	0578606997	0841844963	1266026705	0842856459	1086370801	0728085613	0573077085	0242410800	0421837241	0974990740	1369140570	0858282385	0504387796	1127732663	0112198619	0231547467	0377909505	1415906356	0871832885	0614374714	0694443422	2084455756	1547157581
1345465991	0244107827	1026482619	1357241182	0581247440	0122613877	1334613266	0378468747	0077668415	1850477176	1111721178	1590109746	1687997754	1919274608	2043958716	1665722400	1199554508	0336137920	1588029830	1090587894	0737807313	0756931813	0059856263	0981865445	0948190567	1910198829	1978680000	1890486205	1381090070	1977549714	0073638579	0693016581
1725859186	0453719073	2089513061	0645936836	0730567067	1476685170	0179143811	0097958383	1414069479	0064212204	1177721834	0614089639	0198155191	1794642287	1145095494	2019006891	1059710790	1477362959	0833325299	1957438206	1361939849	0094848770	0690411316	0888843271	0892607165	1875347860	0353996001	1081086617	2111118299	0840435559	1200493794	1090332193
0735207900	0018270462	2128976960	0343240406	0700427800	1732165393	1215441419	1059478869	1874434006	0027237352	0364158253	0079364221	0287117560	0189076111	1673883664	0926965148	1656867098	0544865437	0683128851	0899021895	0166048973	1203831758	1356918319	1597339940	0799300433	1332165446	0040147300	0445805942	0090022811	1184896989	0947835492	0237420598
0303374460	0688371242	0961057905	1275700248	0217336488	2052153916	1963495392	0085849895	1917658128	0645583120	1228113196	1433153855	0840256233	0334045359	0778095455	1422385602	0246854410	2091146513	0182077189	0007118548	1529835651	0126080826	1621566640	2103038050	0327160377	1026319919	0770225929	0155764587	0152848016	0526163100	2033047001	0808638390
1508902514	0490165375	0462187733	0540877332	0227041173	1950037539	1532981106	1452135483	2036898273	1112457484	1080302806	1822508704	1344530967	1709028635	1050489820	1119342753	0836901951	1940686254	1132240342	0710831927	0500668828	0900063250	0488233282	0201755387	0026110696	0755803684	0426744983	1855031948	0354362890	0804939099	1611944440	1443996175
0531018478	2033006461	0127282610	0345113858	2122764506	1157224731	1864146685	1074408712	1544718608	1155836073	2147291796	1070527537	0738319793	0780248585	1102819513	0156197734	0990298704	0952053878	0268873749	0655506155	0500837975	1595433232	0965513782	1003697342	0657179809	0712653342	1048419675	0686154090	0204606240	0695756833	0536634316	1929115259
2079539254	0519887053	1778223775	0077071126	0401775541	0952931419	2132803454	0230615654	1896797590	0082355415	1167991237	0280703032	1901770012	2049473383	2008933848	1413285202	1915254194	1044853675	0881934206	0736068648	1599960216	1888606225	1996520915	1095034030	0302087420	0531926432	0113120163	0687551946	0076051915	0451765440	1467057935	1582962338
1820595730	1405431654	0917175425	0329749809	1597230603	1109157121	1445676687	0858096251	1671000952	1869348445	0453559505	1555137332	0169671287	1954521040	1725254768	1032683982	0356850420	1810666516	2028856422	1244537488	0450839036	0929371436	1297160221	0117850003	0725077887	1561833731	1046899636	0908662381	1132423650	1644205836	0347916056	1974666058
1000156068	1268529807	2110302480	0013867508	1142973080	0707333145	1826181870	0802406166	1990612449	0575693730	1270690375	1915746857	0735106128	0455272105	0274034474	1492465350	1256140490	0041481773	1399457183	1435972737	0972565773	1414909494	1297442427	0565918951	0194736894	0177899430	0658483386	1147035511	0265134258	0082906681	1843184311	0947107002
0878591050	0382220578	0857666269	0886744419	2124423600	1124330178	0908691693	1625070434	0861761692	0999042076	1873019086	2016480676	1551288225	2049722995	1909195438	0147072992	0102098847	0135887576	1087373071	0393368327	1386806423	1415530470	0996767824	0156887721	1849491978	1733367568	2093043821	2005361687	1505517391	1578461583	1338334090	0637331952
2137169675	0599248003	2010365638	1855059615	0819362159	1354661749	0178389949	0312701631	0683828008	1912335359	1380117711	0667497530	0176414782	1475808214	0472529848	0414628730	0080630595	0096228908	0264070565	1532771253	0072619759	0749578017	1018658417	0852380635	0097923308	0824563954	0734400787	1485507800	0284714578	0604346930	1808685847	0952007244
1632579758	0369434987	0718603032	0113128096	0820881877	1126758411	0917814431	0332105416	0385728159	1827521667	1845537875	1848751504	0025639285	1422733595	1800605467	0436530345	0961370263	0083050213	2108042988	0693291110	2044900795	0319374977	1173604586	0134979207	0852800817	0717471241	0418469582	0209320749	0475614657	0721406065	2126547140	0307444959
0381771231	1895425828	0649471598	0009769885	0993700023	0135963842	0221692086	0094761857	1377148172	0150579438	1052878300	0460336820	1644837246	0222605691	0417335563	0477216239	1869390975	1168361215	0056472337	2090279632	0644793751	0846090295	1750361278	2091002740	2060651672	0903876135	0146882067	1188189666	0453283009	1203036354	0873465173	0130951719
1882286705	1011046978	1775944182	0418657221	1215485775	1804970161	0779498405	1379446135	0117737933	0989001044	0617118728	1715930133	1079849768	0650749979	0020682882	1872330607	1182632358	1540887921	1197989074	1943176093	0029291475	0528065162	1788748330	0869607957	1874715464	0462734664	1143212061	0428919518	1895219694	1479944754	1275880924	1106474373
1453887638	1420596300	0238826754	0314318235	2084287672	0869653440	0491664598	2037308577	1565985871	2112439912	1577948780	1309588657	0696660096	0685390028	0247918088	0641029836	2010480300	1634700202	1647998943	1821639642	1770591462	0649805355	1324256490	0258309922	1350408467	1707923373	1801704209	1723217963	1159840699	0733564274	0311135691	0134878192
1302525359	0095411195	1553153703	1190557036	1586964953	0373069331	1671480524	1339580461	0110252879	1889233639	1804049778	0343006853	1070069823	1635455183	1452062728	0814104988	1044218279	0940251869	1628487657	0312970184	0902430985	1628049781	1543522840	0385916120	0691614900	1790126736	0414157482	0750300047	0268914745	1344525927	1624321355	1156892821
0580702609	1703057495	1625271249	2089375750	0485634506	1621283742	1643338658	0805640939	0522867438	0329946942	0615477640	2051451528	0895878511	1022285260	1679188820	2043892513	0553048579	0778243037	1755312629	1556496764	1542808441	1263914009	1841996786	0315727150	2141601960	2078218000	1935891192	2146011894	1034051093	1859048527	1289013086	0627905466
0472525704	0344980522	2029270001	1753108800	1023964760	1989257909	1432260067	0850746846	0556118996	0843134028	1456505690	0325039677	1890937018	0367969573	1859193698	1581418436	1642038580	0430066463	1844571486	0639037110	0730989123	2127729421	0850688903	1729754642	1500138655	1372358805	1260066855	1607388918	0041265566	2060633428	0597249227	0629192111
0622331749	1284344553	1620766274	1536188570	1672891756	1435836568	0831457037	0622329830	1252091920	0716642487	1521986633	1351621414	0619087132	0439157809	0024001124	1807449079	1640483938	0071002133	1479425246	1134444556	1249834626	1433007875	0534254020	0578186033	0209153956	1967292000	1618414788	0669469014	1098891665	0712849455	0049523572	1266503215
0261625441	1239761478	1784817552	1377015168	0062664857	0941264569	1469067381	0995982908	1997190038	1603566056	0214933342	0317184740	0869513326	0284252247	1423884401	1814849086	1458350061	1258612016	0778229962	1535561104	1864488929	0384052679	1585016718	1988822038	0549027111	1908907065	1742838922	0216816974	1910616706	0412004151	1066487929	1564104841
0562739760	0449164932	0709992919	1431846901	0349116825	0681154171	2070313487	0081243668	1810212231	0836139368	2008855655	0099095451	1197418532	0944011287	0388516573	1447755531	1437489007	0686711899	0989767515	0614294943	1501215872	0149792101	0705007223	1389116462	1585650297	1899966056	1795155949	1188278140	1940265527	0503532594	1786738178	1444721645
1986574533	1429916222	0112449577	0154431279	1366260577	1846363915	0699620255	1044658460	1895922995	0415422779	0541310256	1060743900	1660973553	0842577918	0699899508	1443096337	0439826741	0529323013	1454613617	0737223471	1681717554	1594651911	0718753617	0496526544	0000172766	0756194515	0552990659	1952265244	0319313395	0138595912	1509219636	1525067535
1592733800	0693316745	0328264593	0257525408	1049983551	1200414258	1901054288	0757718350	0394281740	1706153185	2114925551	0404410513	0141749236	0820044929	2092558904	0297812609	1699621953	1866175324	0810006033	0872558298	2068972770	1170133166	1920365383	1049261318	1946746109	2048491918	0545837122	1981853117	1533972449	0933768108	0030098880	1213219115
0216437540	1975920409	0607196855	0315251441	0588811738	0554235190	1394261291	0007961773	0669532697	0021728199	0113620603	0508512438	1731114053	0725439215	1192222486	1660895692	1681451738	1422049693	1043682788	0530189220	0980569137	0635978481	0864219048	1497635075	0096879038	0453387240	0807363124	1550343322	1201123803	0941475221	0714528251	0347760533
1508274644	0674972520	1254520186	0726319856	0960770244	0735949115	1738452732	1660049289	0340858399	1468225444	1877933278	0857443387	1435733939	1254055081	1499234709	1212123912	1136713542	0729976682	0144019063	0314321672	2142053331	1074475809	0524934240	0706949804	1825820624	1173395585	0917266694	1863707892	0142065702	1843921697	0455451622	1143693046
2070383472	1257481563	1106059214	0918761266	1213175732	1634783106	0893882824	1840512203	1134144433	0500634659	0325784867	1530443466	1751692943	0849976278	0490084502	1250438869	0851101741	0078388320	1065018629	0491899858	1696356103	0664125549	1485588584	1642451266	0923629124	1422886552	0076386472	1779697645	1226084099	1689858928	0987771321	1424000737
1622624591	0556667684	1474998656	1898674071	1555600524	1512088290	0346411432	0308770607	1187100697	1478333849	2118688000	1362865093	0613039149	1869922584	1513179090	1499617856	1209224600	1800100639	0541820737	1050463479	0676629566	1187204897	1082139602	0481284371	1523008795	1351228972	0465765379	0540831538	1604865062	0572490714	1124691638	0541298972
0871093712	1075995985	0304728508	1971019508	1989615981	1007925230	0848333074	0790042285	0349294594	1521434107	0655251520	0516154824	1327676735	1907792815	0195508348	0258824926	1416146107	0606360648	1293505921	0977055666	1714613500	0426035407	0666606351	0230754858	2088915571	1341340641	1776310728	0136744902	0464065624	2037820311	1576764621	0734781167
1436103519	1023135200	0931744871	0385292973	0955801506	0978231782	0006758642	1923346450	1759930506	1859744211	0096472192	0057977459	1617061322	1544086069	1262171335	0470162279	1425085840	0532597889	0660879727	0620149405	1112910944	0111670438	2091827635	0892276408	0611282255	0259092537	1618916890	0518362740	1928898948	0591483924	0368508705	0182966987
2077051652	1660433179	0350446688	1557325142	0432971958	1285102070	1467452611	1773830929	1408436049	2019918309	1345527587	1279351799	1459412029	1927239016	0610294211	0832906205	1356176289	2010943612	0831650398	1724664510	1849636011	2006646552	1625406976	0075572145	0978205638	1714840081	2086698627	0588384832	1969160636	0812325335	1198361366	1757836796
1030498593	0134239496	1305379922	0827411302	1345138389	1180551954	0935276245	1755037322	1224379309	0954740809	0330966479	0570966823	1282459365	0001182616	0548874289	1487911358	2026608238	2114014646	0127215707	1368158784	1537274259	0592713956	1714303706	1661778590	1487932895	0241096950	1962280408	1140450277	1256256064	1983933991	2147483415	2143584423
1037735289	1502304936	1273821573	0854700468	0432650893	0183929909	1081012530	0865938090	0324802911	0059094503	1063867007	0463941727	2102967079	1281834427	0235267885	0629949068	0459606166	0102153703	1057852368	0307635463	1436088312	0767551151	0297927328	1480220539	1616032125	1426241266	0624489848	1048292447	0695316741	1729942660	0365189887	0238167683
2122213820	0491779717	1824629963	0489308981	1101159304	0170352482	0518463523	1475275182	0103795612	0736129520	0475552273	1820401824	0293937159	0989443213	1606202170	1570428400	1616097170	0371968934	0356977321	1796007976	0475910400	1396991372	0795276553	0274807343	1597172751	0136838557	2038125209	0258734366	2041587834	0473014272	2113891957	0212665331
0853429509	0546479450	2040041578	0254893444	1911721190	1795197563	1887684638	1539793735	2135357795	0211751901	0533797028	1487456077	0817151412	0705858919	0671185605	2032349191	1965447602	0684388660	0597795288	1216904750	2031362869	0420719277	1512722615	0270093472	1828037793	1930132969	2004322048	1212173894	1976761016	1850376822	1572555147	0853112000
1652556628	1113240145	1349584351	0741907643	0951701419	0787546277	1348561078	0723627508	0807633995	1807904925	0711953072	0016400020	0757229324	0765156346	0850628986	0722729623	0749266329	0075085495	1389013676	2005609642	1377929782	0402196826	1591017473	1911779914	0634688184	0653033839	1898295903	1642181889	0691177179	0875800830	0731633272	0069039782
0710446694	0468508738	1551309664	0262564621	1992174209	1054390286	0102481758	0129021812	1658594461	1659367967	1774781427	0203586759	0741208842	2091854894	1350418421	1875220251	0356755185	0210051871	2026163876	1088073453	1427270366	0740704372	0055678545	1633919370	1409457401	2005912197	0020520726	1294458362	1952346024	1676982855	1475460757	1075270990
1004639425	1458383261	1816604416	0895410313	1743216062	0112958013	0109780543	0393133428	1733826224	1211740625	1137259874	1322244018	0794431370	1102202191	0518285115	0624255573	1405799816	0662423218	0791798878	1955065734	0142508591	0697622532	1828666351	1756889040	0133949030	0718485154	0279436197	2084910637	0602407960	1432671762	1327653770	1521820060
0699512650	1383624872	1630293988	0607204243	0439421557	0161846466	1439256960	0335926912	0189102021	2109353034	1236397762	1085417562	1886866916	0681241963	1398349984	0007148320	2030213655	0433232402	1367417084	1956424241	1500099270	0710415110	2085160097	0500114886	0179894644	1979790379	1225273235	0946569562	0435771558	1093339036	1879094320	1043723458
1213729910	0211434517	1641975081	1510322417	0732154979	0247434743	1107385009	1726561361	1517756063	1115391775	1004807762	2140139573	1122199808	1610785102	1286355232	1054509875	2112414081	1143807163	1840864244	0608446579	1992009886	0440097272	0781170236	1560622341	0014420729	1851023839	1709551631	1250549004	0554657039	2041826493	0189188791	1420212777
0235406634	0814419864	2041371917	1139064547	1588612071	0138894146	0079187533	1612489638	2017204373	0829561822	0981706030	0416386309	1702973437	0212508443	0364096540	1189637477	1164322369	0895064319	0223062198	1647397771	0307676426	2124553453	1159285902	2146509330	0804523357	1067019587	1909746259	0814786951	1768552185	0735415168	1354340091	1214734884
2069647006	1764599383	0872665011	1715014514	0723426764	1728696881	0902218704	0207726661	1601065052	1130232054	1317273863	1012898518	0682522257	1441414772	0095051197	1945118258	0459003925	0717707451	0093483758	1370974749	1620557780	0179513559	2017345725	1057781239	1259654007	1111103523	1946600396	1746977174	1048941634	0868784415	0918346952	0692251275
1748263126	1187100428	1473812766	1294773664	0809175797	1951167375	1194781935	1727882095	0093012284	2036845819	0230863106	1760756060	0702444760	1271473761	0049729830	0438114127	1810190573	0472133362	0193339469	0313697572	0242739219	1646608080	2067725318	1679043872	1755235124	0253870229	1894415861	0854825405	0384983405	0047859424	1214455190	1663797242
1055678707	0282137035	0233254669	1153566108	0503212040	0694154394	1521729454	1324181255	1141318924	0823220664	1780045874	0636317961	0127408467	0312908810	2018401814	1627599886	0424588516	2118513078	0570434686	0928767394	1882444562	1516665930	2120879267	1684267563	1502980234	1886136824	1295487601	2070896721	1293722918	0329156951	0223000785	0615229480
0028110055	2146775692	0986302197	0354753786	0932277230	0742716098	1654502722	1608987298	1135434462	0707315592	1531168599	1054101392	1689491241	1250506853	1993708829	1076944862	1220118718	0213948223	0940158883	0065671955	2089436774	1511264874	1539644249	1770430240	0087630848	1785364141	1973601903	0294772159	2138386331	1720232572	0376498043	1315784639
1753314514	0186432664	0195142875	0558771156	0320830561	2015284757	0778830415	0889956440	0274285725	1420273613	1257877286	1314524734	2052927649	2082724041	0359510987	1429659498	0092656603	0353882546	1321732079	0780207185	0407009713	0876830696	0860721958	0704101914	1205973628	0848105410	1258660731	1596982967	1242106163	0389749054	0687227228	1060967430
1122874969	0073314147	1682738898	1580511343	1428912058	0415334405	1203492085	2090485149	1951434323	1386409677	1189871389	0800714059	1468657511	0549748759	1152743119	1703621446	0366177471	1804106442	1295358701	2051958068	0819361703	1346997757	0218695225	1266126558	0373602183	2037189500	1712142379	1843577700	1116344984	1993005896	0000168166	0678882315
0394451694	0267602769	0768981765	0719936709	1053400965	0654832887	2070124581	1201267820	1214485293	0022254716	0372857234	0254249892	1832960961	0921955312	1208415679	1089467274	1230899796	1022899821	1270697312	2032337016	1760822377	1817034579	1682708913	1076553448	1084074561	0789885579	2010504146	2035479924	0896585958	0027445107	1708412891	1439098647
1970127615	2031955859	1797167619	0638677478	1129105040	1702902388	1165871547	1162295201	1184190095	1951969916	1798186640	0585494249	0631772389	1039391155	1415157387	1168812784	1203541579	0774847160	0515382712	1235692233	2112493541	0331807736	1825071340	1465081279	0573559651	1910446621	1848352850	1915396095	1282300135	1619971300	1059962434	1411776373
0178685308	0981833050	0403727802	1552327341	0186792784	1952712421	1392566293	1584901445	0051428727	1074188595	2140179483	1792967178	0908825942	1733909730	0467742320	1555024220	0416081550	0875856218	1662539388	1389762999	1714579421	2000753301	1361785181	1790310988	1363397199	0966210103	1969346154	1782842714	0398167607	0443926797	0719487501	2093496697
1026914031	0018048078	0538852719	0559108834	1701217413	0763784133	1410165212	1017189792	1939004024	0776288143	1111663876	0627035032	0875526995	0424255721	0820194807	0316591156	1630565273	0871723944	0930886974	0999003623	1226739515	1968017405	0925394741	1032840413	0838502590	0925338516	0087866838	1456680777	1120243239	0938984624	1804737412	1162653256
0759569539	1442444205	0216862452	0527481805	0574201819	1965945962	0470390592	0967375137	0075236122	1773118018	0163959107	0439192248	0602817397	1871628480	0119402104	1041435630	1416910360	0566258937	1613914302	0191728457	1154706299	0339049354	1128377187	0207295252	0792824930	2020052522	1453761831	1453641698	1582050014	1519551791	1231421213	1196420752
1354192003	0873303515	1708933007	1590753671	1773026994	0781602386	0233832803	0132846011	1507397644	0967619049	2027181459	1010721758	0604938936	1021112454	1295191201	1384269215	1722348554	1580069165	0439677353	0166042544	1095779555	2094707860	2055577749	1525798154	0987345451	0708854588	1627270607	1332847304	0762716471	0645839154	1236309340	1746792655
0095214448	0393910521	1909526393	1414466383	0292526791	0907708354	0130477390	0352690143	0608367681	0665971200	0293190236	1320810234	0319143799	1583163234	0902087508	0150199136	1103593527	0280149150	1182609826	1162192597	1607208314	1300821432	1522281164	2006836637	0525198277	0849652369	1488596880	0663274610	0068758693	0281151165	0843606755	0811693791
1321419593	1970705924	1014176987	0694914270	1408063504	0053521788	1892526470	1312085573	1860138015	0272685079	0288020055	0324924047	2095027255	0981198573	0477491098	0046495247	1909052468	2039143496	0193214799	0365852529	0637773542	0969038217	0109334271	1482574512	0377067043	0141549404	1756435799	1106262131	0034219991	1757254988	1989469772	0698074214
0830151137	0148905000	0827886245	0737570802	1076858730	1919981841	1045521865	1374785301	1239995834	1428671550	0668083743	1438962085	1822413728	1895752982	1852981582	0253599880	1645627512	0619704471	0077356147	0897156194	1021466971	0811107479	0057208397	1576338170	0009870151	0531387038	1784943440	1345331137	0125100296	0174184459	0497991552	1000242105
0567070019	0213383947	0046306739	0888282159	0051932369	0948965101	2042889885	0881748959	1917589613	1641535162	0559054725	0791807450	2099135338	1306272850	0802466669	0860002723	1500821151	2105650842	1290682581	0769820520	1931990112	1005069744	0100820106	0118924059	1596867903	1455709162	1970179110	0749948677	0805890096	0415481843	1533998904	1378397293
1817203262	0222796800	1481820879	0595659094	1821114191	1529271093	1374972755	0095567918	2039713517	1183623158	1013394345	0425952058	1413243355	1211931665	0053101860	1277247515	0452449193	0073992724	0202680655	0544704443	0124786340	1339976908	0330886667	1377050186	0651212383	1349855969	1012024075	1018144285	0801298699	0557283756	1091902525	1357974060
0013826104	0447096052	0298065111	1648455773	0909646864	0498760255	1034931544	1624402955	0380860374	1619037758	0402307569	1304791427	1673994072	0635108757	1279153309	0270874246	2065604529	0394681501	1982485371	1422847192	1562346599	1076737524	2030356246	0682275692	1592364111	0922404663	0170723348	0309157444	1246219215	0798337314	0177409942	1021593158
0784448741	0827881054	0650325665	1479172072	1174316432	1361556694	0097613626	2062189521	0980700514	0696548073	0950103114	1842121553	0265202472	1229379379	1239055066	0649569303	1651897820	0778072324	1033622885	1104607612	0144006569	0104335014	1211924346	2077575074	1867652145	2008616463	0373962801	1655645285	1484690816	1586050019	0028159122	0823961114
1339887142	0969673152	0043268581	1365568181	0946682578	0187747823	0824183718	0786225276	0621333741	1690693273	2125705854	1200336686	0597301684	1510836910	0789304242	0829907775	0353687160	0185363224	1548417618	1048071380	1274810966	0303559443	1649896876	1507944868	1574878229	1242445528	1798489315	1377585680	1061325453	0697716589	1261998703	1863703549
0069072901	1267077727	1327514037	1320811176	0334975993	1386875564	0430099610	0254189468	0817414793	0837536092	1861275806	0068185593	1386477700	0185650303	2078387077	0482601037	0029894140	2067121229	0116054637	0615132583	0547045823	0821654354	1224877468	0737364534	1905079748	1841631513	0619034780	1706761392	1599642365	0841451762	1099948439	1294180897
1583959063	1392683629	1409483950	0304637593	0443011103	0361803972	1313152747	0468778610	1792081074	1048461543	1389829566	0685887343	0016356705	0029234119	1711566517	0754999654	1945798302	1151085198	1756230610	1952617902	1951469107	1971024365	2071247580	0748159190	0794753145	0067823675	1746172815	0414981803	1719761212	1044285111	2063497293	1485588048
1633442714	1988234597	1413324459	0427562946	0570150560	0448429006	1226186519	1263748221	1203081517	1632519714	1507759126	0600596082	1045209274	0416035658	0104549374	0519705572	0875556255	0916028541	0381423244	0341775613	1851455613	0376442661	0384979365	2127442791	0328265787	0277592966	1170498278	1614351826	1102743384	1024181278	1333308641	2073956489
1179636166	0576012858	0191823730	0608475963	0338383127	0668518233	0151500927	1507958394	1802209711	1629255489	0333020726	0736957800	1511552351	2076302894	1960959355	0412348976	0419510763	0528580640	1862452488	0517327144	1703506152	0575914860	0692254991	1810717938	0745622329	1107403258	2033272304	0300338617	1204565469	0803497214	1000503362	0663049124
0573982785	0432125171	2085538490	0417315096	0133227370	1474447416	1223917979	1791102087	1774496210	1852395581	1142099308	1054232670	1748396940	1288628679	0609627958	0372610269	0398476431	1339364471	0775076243	0070613399	1388423849	0682321841	0220506707	1646933474	1094171335	0835158084	0548800996	0256075907	0310540361	0866585117	0461967465	1133800350
1160082619	0504546420	1646242584	0219801340	0529248540	0202945906	0707810706	1262615009	1484540256	1203071746	1468298517	0958587542	0558498600	0034949163	1127546910	1285215242	1222050768	0473657868	0045908047	0629916656	2062341329	1384653923	1745684969	0805688669	1325065548	0971245846	0705732875	0700247744	0853447848	0854703023	0475592778	0353685712
0161026688	0546149996	0797875494	1005535790	1491204287	1536291119	1248949152	1583231886	2055921672	0863661074	0709700645	0814565077	0186999514	1132256237	0977979192	0056445806	1644373115	1011890562	0921674941	0791187576	0270847608	1617899663	0601697727	0233203966	0301400787	1876587483	1860986939	1655648865	1544859876	1382643702	0172155327	0754108380
1998541713	0698847664	0944623405	2086449211	0691417414	0618463181	0689831587	1882756203	0311965276	1192811405	0821439090	1901902714	2132312250	0564884614	2137987758	1463867102	1641723282	1573303918	0552804315	0967865283	1870669003	1173341341	0005587786	1572122481	0023745479	1805790858	1688051002	0666730097	0163070233	0532272459	1633828658	2032344464
1886000913	1158715071	1142487301	1132780080	1192273905	0377611178	0696891761	0284016389	1754786289	1300234972	0255582532	0608321324	2034332748	0943351749	0041079642	1083292407	0529125183	0277168454	0478176035	0820813171	2119500316	2130558223	1149723883	0351445875	1170791875	0106385664	1317460544	2002962438	1983528741	1778897606	0664730508	0915716262
1575401032	1439260961	0403171719	0796174948	0341746579	1363481175	0230111088	2006491416	1165519871	1694127610	1864549344	1399447584	1274642344	1764496783	1295750458	0046283379	0495670639	0647362960	1077113018	1898832963	2078614721	0013646451	1722635375	2105702418	0010036766	1184201696	2146947923	1733504967	0107341520	0202663160	0250665978	1727660479
0663279466	0150373485	1886393523	1314860400	1252015170	1574188884	0394042348	1977659135	1912677326	0685106139	1919046606	0359412749	1926057079	0072831875	0019644335	1597340354	0806258531	0165317947	1802379658	0190587424	1304717491	0431351720	1971049415	0344779283	0794529775	0608611379	0466836192	1358116453	0259541608	0576518599	0101878129	0721247444
1608087640	1047267985	0657053083	0730253107	0494926744	1029621577	0426617113	1853404505	0919215800	0262594082	0339841589	1558568950	2010300191	0755091886	1348457879	1136645562	1734920469	0275363517	0207370934	2064812304	2112141455	0856749275	0507211790	1345959587	2097524858	0008739254	0851753982	0303184572	1791890920	0000026912	0452309984	2029274355
1826286478	0413069175	1786477121	1352103940	0138967026	1304081693	0482912969	0977567970	1734972240	1145478714	2017334490	0868954594	1631061758	0626212751	2087835757	0372775919	1035072334	1843176838	0821508291	0917480274	1158379658	1947651951	0093109236	1518834436	2059737610	0573621630	0804644027	0947636630	1190114258	0587646048	0289836183	0783816285
0935611297	0943805345	1222216673	1114539556	1713948558	2135257095	0666770648	0844610890	0508321560	0670511154	1434269469	0263027908	1188704230	0511625569	0366415595	1511289216	1948760243	1540303704	2116472190	0628968422	1157758020	0089716673	0334602917	1559038173	1306596564	1948160573	0051584602	1546496073	0964919270	1749152393	1100625368	1933908365
1032893210	1725861769	0497131554	1578641248	0062996451	0071913986	1772553088	1406598832	1206583248	0356570515	1401270475	1847200323	1872227629	1599364759	0470695014	1788828397	0067810379	1522706943	0572969702	0585108366	0588687749	0617835714	0881411953	0548497065	1590358531	1574359955	1121748998	0476472373	0104653348	0119712943	1970739409	1576959382
1860645647	0214521515	1985542939	1271785040	0986428689	0333221183	1958554952	0803737048	0736426106	1165305881	0245081327	0208227943	1436177038	0111285386	2062709612	1131935363	2027500815	2083170756	1424999051	1221418813	0589808418	0125566774	1571829264	1538098301	1557485968	0988490893	0632945459	1427825822	1486318776	1029886328	0581319876	1340045729
1487561214	0436705324	1754758669	0836025632	0097294703	0997017954	0065855337	0876570754	0786844058	0283784580	0006256073	2066603855	0010484407	0117769395	1517782878	1566071480	1403786728	1188191554	0485014625	1940362010	2125122375	2131223368	1591397663	1859182303	1389902671	1914563078	0166685298	1161127798	0891000697	0645243948	1970100333	1573427285
0478749837	1874768797	1359102395	1797883273	1929256021	0150358894	1641162586	0739620834	1172008202	1221840730	1238516496	0187757901	0993564664	0008468776	0600797530	0135978516	0468318004	0493126973	0845641438	0648872620	0680164874	0475584337	0211817825	1641781696	0407584369	1945139500	0816018219	0987636991	1313800074	0610985264	1710015741	0460911186
0560788373	2011941975	0431268163	0566706916	0553162767	0549917106	1834667501	1686485681	0128183814	0459263957	0793097981	0166769738	0432827231	1000159028	1318278527	0718417190	1284648896	0293408134	0688054626	2082143734	1343709473	0787080859	2116215340	0607057766	0125066265	1749709089	1867080452	0990106800	2021690644	1068390874	1334646751	0941251142
1243399792	0656935187	0896258682	0969368316	1362340870	0392357776	1582344942	0033955746	1611056567	1553900193	0851912584	0821324739	2127489104	1106648378	0083422379	1920586009	0462355206	1208112396	0287157187	0855087100	0488323976	1726049445	1503918439	0474679083	0029599376	1407989975	0965203532	0084292886	1518811629	1676420361	0611558687	0610117867
0016576244	1571542445	1012498662	0404593406	1068148240	1551664407	1929762928	0080010255	0407592763	2086217458	1091312037	0023576832	1118824376	0714474300	1588489723	0230074957	1399237699	2042072443	0027903147	0816756583	0512418857	0814305129	0113020772	1164571056	0779779434	1807733244	2121477799	1006376652	0591186392	1810339322	0824674158	0439115768
1464901684	1850073780	0774295547	1981841256	1334624622	0569329039	1673511088	1107531257	2037067850	1815054476	0615372497	0284313127	0299610914	1858963030	1999548654	0442635875	0497797917	2040785954	2028202641	0993858456	0651263626	0063613423	1851427802	2056506831	2108493799	1827620646	1361594281	0729338335	0152739269	0845935918	1303230686	1212423849
1882787407	0836410904	0130110266	0624888016	1297851082	0991732595	1429139798	2095476938	2096569813	1137167115	1910727152	0120786426	0685415367	0673790661	0718368796	0471290938	1067104830	1194941713	0118303647	1907021654	0119507303	0662031576	0651922725	0403672081	0615824494	1438575765	1771984429	0439081607	0890757757	0857118662	0273048158	2095321514
1631842292	0859745807	1477801233	1756945476	1082468882	1720526037	1013797004	0750990930	1143167091	1820592375	1349044169	0253003357	0209800039	2088590746	0176974160	0139856025	1213102357	0401569481	1784648293	0679762802	0160411174	0938624433	0045974569	1747951910	0251460410	0047293574	0294148828	0251996802	0472499330	2049196351	1647824318	1034200914
0082122780	1553062086	1798233764	1377507317	1891762159	1351212478	0188550721	1433588522	1703253561	0625585217	0130806407	1587511568	0970093048	0658009712	1775931181	0200149414	0951809896	0463235569	0971987808	0290986327	0786933670	1789893464	0788522272	0572239867	1203673403	0842929481	0166167908	1055288656	0169000819	1423383599	1987804460	0626462841
1996131093	0985746610	1754538962	1438360571	0302685711	1997468681	1991751664	0395110607	0604501713	0115122821	2133953442	0231077533	1069663355	1246398449	1663222698	2136735934	1899297607	1297901421	1837763362	0031513528	1366854322	1087984282	2076040200	1840979855	0404020202	0024243200	1581053117	1944573080	2033749970	1886020130	1481829646	0743006065